10.325
109.724
483.971
89.4954
1.48356
95.8782
5.52189
76.5784
17.4033
10.6608
35.9729
58.3969
89.567
14.8235
22.1421
97.1058
6.67846
131.149
323.976
25.319
18.3728
11.6392
195.465
142.512
216.165
7.34364
19.5666
154.972
101.441
120.81
50.5821
3.97131
137.934
338.122
53.7366
30.2677
291.256
96.4404
214.114
232.221
38.7128
19.7434
129.705
110.32
77.5484
83.6753
65.0525
85.2409
24.5087
32.423
118.518
236.363
7.33512
116.679
216.309
152.62
39.225
10.9307
101.262
189.778
114.453
0.490206
39.414
25.5395
6.18443
3.41014
21.7357
32.0012
111.265
103.61
67.167
24.849
59.1487
22.9814
15.456
20.7897
223.63
157.974
0.59707
92.4133
28.7992
6.1522
161.271
202.834
51.0044
78.2495
130.527
29.3911
5.29068
73.785
124.769
58.2709
201.459
21.7247
9.71533
181.836
48.1309
10.1176
59.2833
44.191