0.1435935 0.112019434214034 
0.287187 0.118042525155885 
0.4307805 0.124024762022893 
0.574374 0.12996642192451 
0.7179675 0.135867780090581 
0.861561 0.14172910988409 
1.0051545 0.147550682813826 
1.148748 0.15333276854696 
1.2923415 0.159075634921534 
1.435935 0.164779547958868 
1.5795285 0.170444771875886 
1.723122 0.176071569097351 
1.8667155 0.181660200268024 
2.010309 0.187210924264736 
2.1539025 0.19272399820838 
2.297496 0.198199677475821 
2.4410895 0.203638215711728 
2.584683 0.209039864840318 
2.7282765 0.214404875077033 
2.87187 0.219733494940124 
3.0154635 0.225025971262167 
3.159057 0.230282549201493 
3.3026505 0.235503472253548 
3.446244 0.240688982262172 
3.5898375 0.245839319430797 
3.733431 0.250954722333581 
3.8770245 0.256035427926451 
4.020618 0.261081671558088 
4.1642115 0.26609368698082 
4.307805 0.271071706361459 
4.4513985 0.276015960292048 
4.594992 0.280926677800544 
4.7385855 0.285804086361432 
4.882179 0.290648411906255 
5.0257725 0.295459878834086 
5.169366 0.300238710021916 
5.3129595 0.304985126834985 
5.456553 0.309699349137031 
5.6001465 0.314381595300478 
5.74374 0.319032082216548 
5.8873335 0.323651025305311 
6.030927 0.328238638525661 
6.1745205 0.332795134385231 
6.318114 0.33732072395023 
6.4617075 0.341815616855229 
6.605301 0.346280021312863 
6.7488945 0.350714144123481 
6.892488 0.355118190684726 
7.0360815 0.359492365001045 
7.179675 0.363836869693143 
7.3232685 0.368151906007366 
7.466862 0.372437673825026 
7.6104555 0.376694371671658 
7.754049 0.380922196726214 
7.8976425 0.385121344830203 
8.041236 0.389292010496758 
8.1848295 0.393434386919644 
8.328423 0.397548665982214 
8.4720165 0.401635038266294 
8.61561 0.405693693061007 
8.7592035 0.409724818371549 
8.902797 0.413728600927892 
9.0463905 0.417705226193438 
9.189984 0.421654878373604 
9.3335775 0.425577740424361 
9.477171 0.429473994060707 
9.6207645 0.433343819765081 
9.764358 0.437187396795729 
9.9079515 0.441004903195004 
10.051545 0.444796515797612 
10.1951385 0.448562410238808 
10.338732 0.452302760962528 
10.4823255 0.456017741229471 
10.625919 0.459707523125124 
10.7695125 0.463372277567734 
10.913106 0.467012174316225 
11.0566995 0.470627381978064 
11.200293 0.474218068017065 
11.3438865 0.477784398761153 
11.48748 0.481326539410066 
11.6310735 0.484844654043006 
11.774667 0.488338905626241 
11.9182605 0.491809456020655 
12.061854 0.495256465989243 
12.2054475 0.498680095204559 
12.349041 0.502080502256115 
12.4926345 0.505457844657722 
12.636228 0.508812278854792 
12.7798215 0.512143960231579 
12.923415 0.515453043118383 
13.0670085 0.518739680798693 
13.210602 0.522004025516292 
13.3541955 0.525246228482306 
13.497789 0.528466439882211 
13.6413825 0.531664808882787 
13.784976 0.534841483639032 
13.9285695 0.53799661130102 
14.072163 0.541130338020719 
14.2157565 0.544242808958764 
14.35935 0.547334168291178 
14.5029435 0.550404559216048 
14.646537 0.553454123960167 
14.7901305 0.556483003785612 
14.933724 0.559491338996295 
15.0773175 0.562479268944458 
15.220911 0.56544693203713 
15.3645045 0.568394465742537 
15.508098 0.571322006596472 
15.6516915 0.574229690208618 
15.795285 0.577117651268829 
15.9388785 0.579986023553369 
16.082472 0.582834939931114 
16.2260655 0.585664532369698 
16.369659 0.588474931941634 
16.5132525 0.591266268830379 
16.656846 0.59403867233637 
16.8004395 0.596792270883009 
16.944033 0.599527192022617 
17.0876265 0.602243562442336 
17.23122 0.604941507970002 
17.3748135 0.607621153579972 
17.518407 0.610282623398914 
17.6620005 0.612926040711556 
17.805594 0.615551527966396 
17.9491875 0.618159206781376 
18.092781 0.620749197949515 
18.2363745 0.623321621444502 
18.379968 0.625876596426259 
18.5235615 0.628414241246452 
18.667155 0.630934673453984 
18.8107485 0.633438009800432 
18.954342 0.635924366245455 
19.0979355 0.638393857962174 
19.241529 0.640846599342497 
19.3851225 0.643282704002424 
19.528716 0.645702284787306 
19.6723095 0.648105453777077 
19.815903 0.650492322291441 
19.9594965 0.652863000895033 
20.10309 0.655217599402535 
20.2466835 0.657556226883768 
20.390277 0.659878991668743 
20.5338705 0.662186001352677 
20.677464 0.664477362800979 
20.8210575 0.6667531821542 
20.964651 0.669013564832948 
21.1082445 0.671258615542775 
21.251838 0.673488438279023 
21.3954315 0.675703136331644 
21.539025 0.677902812289983 
21.6826185 0.680087568047531 
21.826212 0.682257504806646 
21.9698055 0.684412723083238 
22.113399 0.686553322711427 
22.2569925 0.688679402848169 
22.400586 0.690791061977845 
22.5441795 0.692888397916827 
22.687773 0.694971507818007 
22.8313665 0.697040488175299 
22.97496 0.699095434828106 
23.1185535 0.70113644296576 
23.262147 0.703163607131937 
23.4057405 0.705177021229027 
23.549334 0.707176778522491 
23.6929275 0.709162971645179 
23.836521 0.711135692601621 
23.9801145 0.713095032772287 
24.123708 0.715041082917824 
24.2673015 0.716973933183255 
24.410895 0.718893673102161 
24.5544885 0.720800391600821 
24.698082 0.72269417700234 
24.8416755 0.72457511703073 
24.985269 0.726443298814984 
25.1288625 0.728298808893104 
25.272456 0.730141733216113 
25.4160495 0.731972157152036 
25.559643 0.733790165489857 
25.7032365 0.73559584244344 
25.84683 0.737389271655438 
25.9904235 0.73917053620116 
26.134017 0.740939718592426 
26.2776105 0.742696900781383 
26.421204 0.744442164164307 
26.5647975 0.746175589585367 
26.708391 0.747897257340377 
26.8519845 0.74960724718051 
26.995578 0.751305638315993 
27.1391715 0.752992509419779 
27.282765 0.75466793863119 
27.4263585 0.756332003559535 
27.569952 0.757984781287706 
27.7135455 0.759626348375749 
27.857139 0.761256780864411 
28.0007325 0.76287615427866 
28.144326 0.764484543631187 
28.2879195 0.766082023425878 
28.431513 0.767668667661265 
28.5751065 0.769244549833955 
28.7187 0.770809742942036 
28.8622935 0.772364319488454 
29.005887 0.773908351484377 
29.1494805 0.775441910452526 
29.293074 0.776965067430489 
29.4366675 0.778477892974015 
29.580261 0.779980457160279 
29.7238545 0.781472829591127 
29.867448 0.782955079396305 
30.0110415 0.784427275236657 
30.154635 0.785889485307305 
30.2982285 0.787341777340813 
30.441822 0.788784218610318 
30.5854155 0.790216875932653 
30.729009 0.791639815671435 
30.8726025 0.793053103740146 
31.016196 0.794456805605179 
31.1597895 0.795850986288878 
31.303383 0.797235710372544 
31.4469765 0.79861104199943 
31.59057 0.799977044877712 
31.7341635 0.801333782283438 
31.877757 0.80268131706346 
32.0213505 0.804019711638347 
32.164944 0.805349028005274 
32.3085375 0.806669327740896 
32.452131 0.807980672004196 
32.5957245 0.809283121539325 
32.739318 0.810576736678411 
32.8829115 0.811861577344353 
33.026505 0.813137703053601 
33.1700985 0.814405172918907 
33.313692 0.81566404565207 
33.4572855 0.81691437956665 
33.600879 0.818156232580673 
33.7444725 0.819389662219312 
33.888066 0.820614725617551 
34.0316595 0.821831479522832 
34.175253 0.823039980297688 
34.3188465 0.824240283922346 
34.46244 0.825432445997326 
34.6060335 0.826616521746016 
34.749627 0.827792566017226 
34.8932205 0.828960633287733 
35.036814 0.830120777664804 
35.1804075 0.831273052888699 
35.324001 0.832417512335165 
35.4675945 0.833554209017906 
35.611188 0.834683195591037 
35.7547815 0.835804524351526 
35.898375 0.836918247241616 
36.0419685 0.838024415851231 
36.185562 0.839123081420363 
36.3291555 0.84021429484145 
36.472749 0.84129810666173 
36.6163425 0.842374567085584 
36.759936 0.843443725976862 
36.9035295 0.844505632861192 
37.047123 0.845560336928272 
37.1907165 0.846607887034154 
37.33431 0.847648331703501 
37.4779035 0.84868171913184 
37.621497 0.849708097187791 
37.7650905 0.850727513415285 
37.908684 0.851740015035768 
38.0522775 0.852745648950388 
38.195871 0.853744461742163 
38.3394645 0.854736499678147 
38.483058 0.855721808711567 
38.6266515 0.856700434483953 
38.770245 0.857672422327253 
38.9138385 0.858637817265934 
39.057432 0.859596664019063 
39.2010255 0.860549007002385 
39.344619 0.861494890330375 
39.4882125 0.862434357818284 
39.631806 0.863367452984169 
39.7753995 0.864294219050907 
39.918993 0.865214698948198 
40.0625865 0.866128935314555 
40.20618 0.867036970499277 
40.3497735 0.867938846564412 
40.493367 0.868834605286703 
40.6369605 0.869724288159529 
40.780554 0.87060793639482 
40.9241475 0.871485590924971 
41.067741 0.872357292404735 
41.2113345 0.873223081213108 
41.354928 0.8740829974552 
41.4985215 0.87493708096409 
41.642115 0.875785371302674 
41.7857085 0.876627907765496 
41.929302 0.87746472938057 
42.0728955 0.878295874911184 
42.216489 0.8791213828577 
42.3600825 0.879941291459336 
42.503676 0.880755638695935 
42.6472695 0.881564462289728 
42.790863 0.882367799707079 
42.9344565 0.88316568816022 
43.07805 0.883958164608977 
43.2216435 0.884745265762481 
43.365237 0.885527028080868 
43.5088305 0.886303487776968 
43.652424 0.887074680817983 
43.7960175 0.887840642927153 
43.939611 0.888601409585409 
44.0832045 0.88935701603302 
44.226798 0.890107497271222 
44.3703915 0.890852888063843 
44.513985 0.891593222938909 
44.6575785 0.892328536190245 
44.801172 0.893058861879068 
44.9447655 0.893784233835556 
45.088359 0.894504685660423 
45.2319525 0.895220250726471 
45.375546 0.895930962180139 
45.5191395 0.896636852943036 
45.662733 0.897337955713465 
45.8063265 0.898034302967942 
45.94992 0.898725926962697 
46.0935135 0.899412859735168 
46.237107 0.900095133105486 
46.3807005 0.90077277867795 
46.524294 0.90144582784249 
46.6678875 0.90211431177612 
46.811481 0.902778261444383 
46.9550745 0.903437707602788 
47.098668 0.904092680798229 
47.2422615 0.904743211370404 
47.385855 0.905389329453221 
47.5294485 0.906031064976192 
47.673042 0.90666844766582 
47.8166355 0.907301507046973 
47.960229 0.907930272444259 
48.1038225 0.908554772983377 
48.247416 0.90917503759247 
48.3910095 0.909791095003464 
48.534603 0.910402973753398 
48.6781965 0.911010702185748 
48.82179 0.911614308451739 
48.9653835 0.912213820511649 
49.108977 0.912809266136101 
49.2525705 0.913400672907356 
49.396164 0.913988068220586 
49.5397575 0.914571479285144 
49.683351 0.915150933125824 
49.8269445 0.915726456584112 
49.970538 0.916298076319435 
50.1141315 0.916865818810386 
50.257725 0.917429710355961 
50.4013185 0.917989777076769 
50.544912 0.918546044916247 
50.6885055 0.919098539641859 
50.832099 0.919647286846292 
50.9756925 0.920192311948638 
51.119286 0.920733640195577 
51.2628795 0.921271296662539 
51.406473 0.921805306254873 
51.5500665 0.922335693708995 
51.69366 0.922862483593537 
51.8372535 0.923385700310486 
51.980847 0.923905368096309 
52.1244405 0.924421511023083 
52.268034 0.924934152999602 
52.4116275 0.925443317772494 
52.555221 0.925949028927311 
52.6988145 0.92645130988963 
52.842408 0.926950183926132 
52.9860015 0.927445674145683 
53.129595 0.927937803500404 
53.2731885 0.928426594786734 
53.416782 0.928912070646486 
53.5603755 0.929394253567893 
53.703969 0.929873165886657 
53.8475625 0.930348829786976 
53.991156 0.930821267302574 
54.1347495 0.931290500317724 
54.278343 0.93175655056826 
54.4219365 0.932219439642583 
54.56553 0.932679188982661 
54.7091235 0.933135819885025 
54.852717 0.933589353501753 
54.9963105 0.934039810841449 
55.139904 0.93448721277022 
55.2834975 0.934931580012638 
55.427091 0.935372933152703 
55.5706845 0.935811292634796 
55.714278 0.936246678764624 
55.8578715 0.936679111710165 
56.001465 0.937108611502597 
56.1450585 0.937535198037229 
56.288652 0.937958891074422 
56.4322455 0.938379710240505 
56.575839 0.938797675028683 
56.7194325 0.939212804799939 
56.863026 0.939625118783935 
57.0066195 0.940034636079897 
57.150213 0.940441375657506 
57.2938065 0.940845356357769 
57.4374 0.9412465968939 
