0.00985229644301159  -1.86113675319719 
0.0298529631496812  -1.21884740431667 
0.0502618347808883  -0.631798180630972 
0.0710959216837302  -0.061038902335235 
0.0923733201310152  0.504972724247203 
0.114113306767421  1.07174546575548 
0.136336443552131  1.64256581278098 
0.159064694629687  2.21969670133713 
0.182321556793955  2.80486777347044 
0.206132205487673  3.39951141657909 
0.230523658611832  4.00489048214882 
0.25552496081725  4.62217412828228 
0.281167391430587  5.25248667706986 
0.307484699747961  5.89694161125573 
0.33451337213588  6.5566671135494 
0.362292936242956  7.2328267797507 
0.390866308687012  7.92663771186244 
0.420280193893305  8.63938743474142 
0.450585543388634  9.37245066523403 
0.481838086892738  10.127306743702 
0.51409894911096  10.905558437703 
0.547435369378552  11.7089528075911 
0.581921545449721  12.539404865642 
0.6176396280518  13.3990248579727 
0.654680899732149  14.2901501546336 
0.693147180559945  15.2153829579688 
0.733152515173645  16.1776353509556 
0.774825211574212  17.180183634304 
0.818310323513951  18.2267344864397 
0.863772697590709  19.3215062877994 
0.911400746579963  20.4693300754209 
0.961411167154625  21.6757761798855 
1.01405490064005  22.9473148662497 
1.06962475179486  24.2915226015993 
1.12846525181779  25.7173504610874 
1.19098560879912  27.2354785739637 
1.2576769832978  28.8587919347378 
1.32913594727994  30.6030310162218 
1.40609698841607  32.4877001653752 
1.48947859735512  34.5373665389145 
1.58045037556085  36.7835693604626 
1.68053383411783  39.2677180892856 
1.79175946922806  42.0456628214867 
1.91692261218206  45.195241005384 
2.06002345582273  48.8294642042539 
2.2270775404859  53.121267492631 
2.42774823594805  58.354512124735 
2.67906266422896  65.0434802079823 
3.01553490085017  74.271261079151 
3.52636052461616  89.0075101912214 
