104.981
151.672
288.925
130.381
683.24
702.848
157.35
145.949
126.216
133.988
140.078
462.807
306.106
638.229
300.631
136.203
618.085
122.99
161.186
168.367
300.848
282.617
137.433
146.847
418.343
695.885
559.601
148.792
140.841
284.937
330.322
123.05
276.809
270.945
139.371
577.695
533.821
588.135
302.671
140.327
456.028
391.094
443.347
266.693
349.386
294.932
132.782
428.099
125.446
307.739
142.197
139.403
595.935
145.729
152.511
273.985
128.582
461.919
136.761
145.675
429.824
456.991
279.315
570.65
579.507
441.119
289.625
131.268
154.406
141.738
300.854
446.986
128.915
702.543
417.646
117.017
318.966
119.026
146.887
738.782
163.06
132.065
126.738
582.276
670.542
130.83
119.497
156.005
294.243
465.737
704.606
409.067
137.878
120.077
126.721
116.603
144.335
285.806
133.122
145.881
404.766
295.796
312.339
166.705
149.899
435.485
117.716
149.473
144.34
268.055
280.408
568.808
315.657
291.843
288.709
287.997
455.294
389.271
289.53
679.213
299.459
130.406
602.976
307.575
303.726
389.779
285.24
312.396
129.987
131.905
419.421
134.286
129.587
203.786
282.305
538.501
429.824
426.962
617.173
139.102
295.503
271.354
118.952
559.923
261.888
128.934
146.987
720.837
116.386
295.216
262.891
143.759
132.825
119.039
278.531
134.967
135.155
591.518
752.644
277.676
119.767
323.847
121.416
150.419
184.062
384.361
275.976
267.455
115.193
693.553
275.283
131.899
427.36
575.047
305.105
297.698
417.859
130.447
675.19
262.033
629.975
288.169
580.377
312.964
707.004
290.519
135.703
283.216
652.05
406.549
404.29
535.42
273.054
279.646
127.832
556.616
122.679
138.359
279.599
136.709
115.821