0.00247831601446709  64.7113276446124 
0.00745345065458089  66.0137015221335 
0.0124534610712866  67.3225872961076 
0.0174785972739597  68.6380504131414 
0.0225291130600282  69.960157311465 
0.0276052660918889  71.2889754410671 
0.0327073179757843  72.6245732843429 
0.0378355343427038  73.967020377272 
0.0429901849313683  75.3163873311424 
0.0481715436733659  76.6727458548362 
0.0533798887805041  78.0361687776973 
0.0586155028344492  79.4067300729961 
0.0638786728787238  80.7845048820127 
0.0691696905131394  82.169569538757 
0.0744888519907392  83.5620015953463 
0.0798364583173345  84.9618798480613 
0.0852128153537149  86.3692843641023 
0.0906182339206228  87.7842965090695 
0.0960530299065798  89.2069989751891 
0.101517524378659  90.6374758103106 
0.107012043696299  92.0758124477019 
0.112536919628269  93.5220957366658 
0.118092489472871  94.9764139740087 
0.123679096181511  96.4388569363864 
0.129297088485734  97.9095159135609 
0.134946821027853  99.3884837425939 
0.140628654495284  100.875854843015 
0.146342955758723  102.37172525299 
0.152090098014291  103.876192666534 
0.15787046092979  105.389356471799 
0.16368443079521  106.911317790467 
0.169532400677633  108.442179518306 
0.1754147705807  109.982046366914 
0.181331947608788  111.531024906693 
0.187284346136084  113.089223611114 
0.193272387980706  114.656752902293 
0.199296502584087  116.233725197953 
0.205357127195778  117.820254959798 
0.211454707063897  119.416458743371 
0.217589695631413  121.022455249436 
0.223762554738493  122.638365376945 
0.229973754831134  124.264312277655 
0.236223775176305  125.900421412451 
0.242513104083869  127.54682060943 
0.248842239135517  129.203640123843 
0.255211687420997  130.871012699922 
0.261621965781916  132.549073634713 
0.268073601063405  134.237960843947 
0.274567130373953  135.937814930063 
0.281103101353738  137.64877925245 
0.287682072451781  139.371 
0.294304613212274  141.10462626606 
0.300971304570464  142.849810125888 
0.30768273915845  144.606706716708 
0.31443952162133  146.375474320462 
0.321242268944083  148.156274449386 
0.328091610789658  149.949271934512 
0.334988189848718  151.754635017224 
0.341932662201529  153.572535443987 
0.3489256976925  155.403148564401 
0.355967980317912  157.246653432693 
0.363060208627404  159.103232912818 
0.370203096139785  160.973073787312 
0.377397371773812  162.856366870056 
0.384643780294579  164.753307123129 
0.39194308277619  166.664093777932 
0.399296057081449  168.588930460751 
0.406703498359311  170.528025322983 
0.414166219560901  172.481591176218 
0.421685051974928  174.449845632396 
0.429260845783385  176.433011249275 
0.436894470638457  178.431315681457 
0.444586816261612  180.444991837211 
0.45233879306593  182.474278041385 
0.460151332802724  184.51941820468 
0.46802538923363  186.580661999582 
0.475961938829366  188.658265043286 
0.483961981496442  190.752489087927 
0.492026541333173  192.86360221849 
0.500156667416423  194.99187905876 
0.508353434620602  197.137600985715 
0.516617944470495  199.301056352778 
0.524951326029639  201.482540722374 
0.533354736826019  203.682357108254 
0.541829363816991  205.900816228091 
0.550376424395449  208.138236766869 
0.558997167439356  210.394945651626 
0.56769287440691  212.671278338144 
0.576464860479747  214.967579110213 
0.58531447575673  217.284201392136 
0.594243106501031  219.621508075185 
0.603252176443397  221.979871858769 
0.612343148144649  224.3596756071 
0.62151752442069  226.76131272223 
0.630776849833487  229.185187534353 
0.640122712251725  231.63171571035 
0.649556744485083  234.101324681604 
0.659080625996339  236.594454092184 
0.668696084695781  239.111556268588 
0.678404898822742  241.65309671228 
0.688208898919363  244.219554616374 
0.698109969902074  246.811423407903 
0.708110053236658  249.429211317196 
0.718211149223162  252.073441976018 
0.728415319397403  254.744655046225 
0.738724689056265  257.443406880829 
0.74914144991452  260.170271219493 
0.759667862901508  262.925839920632 
0.770306261106564  265.710723732463 
0.781059052882825  268.525553105504 
0.791928725119729  271.37097904924 
0.802917846695324  274.247674035857 
0.814029072120395  277.156332954187 
0.825265145387321  280.097674117252 
0.836628904037636  283.072440327053 
0.848123283463371  286.081400000565 
0.85975132145849  289.12534836119 
0.871516163038077  292.205108700315 
0.883421065544395  295.321533713952 
0.895469404060569  298.475506919919 
0.907664677154388  301.667944161429 
0.920010512976687  304.899795203506 
0.932510675740919  308.172045429185 
0.945169072612842  311.485717643071 
0.957989761041903  314.841873990523 
0.970976956568715  318.241618001469 
0.984135041146226  321.686096768695 
0.997468572015691  325.176503271365 
1.01098229118241  328.714078855549 
1.02468113554058  332.300115884668 
1.03857024770124  335.935960574008 
1.05265498758298  339.623016024881 
1.06694094483046  343.362745475513 
1.08143395213303  347.156675787549 
1.09614009952272  351.006401188925 
1.1110657497394  354.913587296108 
1.12621755476  358.879975441067 
1.14160247359948  362.907387331142 
1.15722779150256  366.997730072996 
1.17310114065885  371.153001595346 
1.18923052258873  375.37529650907 
1.20562433236441  379.666812447702 
1.22229138484962  384.029856936387 
1.23924094316339  388.466854843015 
1.2564827495979  392.980356471799 
1.27402705924881  397.573046366914 
1.29188467664882  402.247752902293 
1.31006699573201  407.007458743371 
1.32858604349924  411.855312277656 
1.34745452780363  416.794640123843 
1.36668588973151  421.828960843947 
1.38629436111989  426.962 
1.40629502782656  432.197706716708 
1.42670389945777  437.540271934512 
1.44753798636061  442.994148564401 
1.46881538480789  448.564073787312 
1.4905553714443  454.255093777932 
1.51277850822901  460.072591176218 
1.53550675930657  466.022315681457 
1.55876362147083  472.11041820468 
1.58257427016455  478.343489087927 
1.60696572328871  484.728600985715 
1.63196702549413  491.273357108255 
1.65760945610747  497.985945651626 
1.68392676442484  504.875201392136 
1.71095543681276  511.9506756071 
1.73873500091983  519.22271571035 
1.76730837336389  526.702556268588 
1.79672225857018  534.402423407903 
1.82702760806551  542.335655046225 
1.85828015156962  550.516839920632 
1.89054101378784  558.96197904924 
1.92387743405543  567.688674117252 
1.9583636101266  576.71634836119 
1.99408169272868  586.066506919919 
2.03112296440903  595.763045429185 
2.06958924523682  605.832618001469 
2.10959457985052  616.305078855549 
2.15126727625109  627.214016024881 
2.19475238819083  638.597401188925 
2.24021476226759  650.498387331142 
2.28784281125684  662.96629650907 
2.3378532318315  676.057854843015 
2.39049696531693  689.838752902293 
2.44606681647174  704.385640123843 
2.50490731649467  719.788706716708 
2.567427673476  736.155073787313 
2.63411904797468  753.613315681457 
2.70557801195682  772.319600985715 
2.78253905309295  792.466201392136 
2.865920662032  814.293556268588 
2.95689244023773  838.107839920632 
3.05697589879471  864.30734836119 
3.16820153390493  893.423618001469 
3.29336467685894  926.188401188925 
3.43646552049961  963.648854843015 
3.60351960516278  1007.37970671671 
3.80419030062493  1059.91060098571 
4.05550472890584  1125.69883992063 
4.39197696552705  1213.77940118893 
4.90280258929304  1347.50160098571 
