0.00247831601446709  65.6288203722214 
0.00745345065458089  67.6068035655418 
0.0124534610712866  69.3844213483947 
0.0174785972739597  71.0837827191958 
0.0225291130600282  72.7403689722974 
0.0276052660918889  74.370426120887 
0.0327073179757843  75.9830199134668 
0.0378355343427038  77.5838327732258 
0.0429901849313683  79.1767146638079 
0.0481715436733659  80.7644251770624 
0.0533798887805041  82.3490293069455 
0.0586155028344492  83.9321260225067 
0.0638786728787238  85.5149886105744 
0.0691696905131394  87.0986551420926 
0.0744888519907392  88.6839891479154 
0.0798364583173345  90.2717216800856 
0.0852128153537149  91.8624812952299 
0.0906182339206228  93.456815946658 
0.0960530299065798  95.0552093047718 
0.101517524378659  96.6580931479902 
0.107012043696299  98.2658569236308 
0.112536919628269  99.8788552324028 
0.118092489472871  101.497413764076 
0.123679096181511  103.121834060604 
0.129297088485734  104.752397379622 
0.134946821027853  106.389367859341 
0.140628654495284  108.032995134926 
0.146342955758723  109.683516519866 
0.152090098014291  111.341158839184 
0.15787046092979  113.006139981632 
0.16368443079521  114.678670223314 
0.169532400677633  116.358953364051 
0.1754147705807  118.047187709352 
0.181331947608788  119.743566924294 
0.187284346136084  121.448280780566 
0.193272387980706  123.161515813919 
0.199296502584087  124.883455906181 
0.205357127195778  126.614282803437 
0.211454707063897  128.354176580025 
0.217589695631413  130.103316056369 
0.223762554738493  131.86187917736 
0.229973754831134  133.630043356951 
0.236223775176305  135.407985793744 
0.242513104083869  137.19588376164 
0.248842239135517  138.993914879032 
0.255211687420997  140.802257359516 
0.261621965781916  142.621090246696 
0.268073601063405  144.450593635314 
0.274567130373953  146.290948880641 
0.281103101353738  148.142338797828 
0.287682072451781  150.0049478527 
0.294304613212274  151.878962345317 
0.300971304570464  153.764570587472 
0.30768273915845  155.661963075148 
0.31443952162133  157.571332656895 
0.321242268944083  159.492874698951 
0.328091610789658  161.426787247872 
0.334988189848718  163.373271191381 
0.341932662201529  165.332530418063 
0.3489256976925  167.304771976506 
0.355967980317912  169.290206234437 
0.363060208627404  171.289047038373 
0.370203096139785  173.301511874268 
0.377397371773812  175.327822029628 
0.384643780294579  177.368202757538 
0.39194308277619  179.422883443025 
0.399296057081449  181.492097772173 
0.406703498359311  183.576083904412 
0.414166219560901  185.675084648359 
0.421685051974928  187.789347641636 
0.429260845783385  189.919125535041 
0.436894470638457  192.06467618148 
0.444586816261612  194.22626283007 
0.45233879306593  196.404154325799 
0.460151332802724  198.598625315191 
0.46802538923363  200.809956458365 
0.475961938829366  203.038434647963 
0.483961981496442  205.284353235363 
0.492026541333173  207.548012264671 
0.500156667416423  209.829718714964 
0.508353434620602  212.129786751279 
0.516617944470495  214.448537984898 
0.524951326029639  216.786301743455 
0.533354736826019  219.143415351453 
0.541829363816991  221.520224421787 
0.550376424395449  223.917083158921 
0.558997167439356  226.334354674373 
0.56769287440691  228.77241131522 
0.576464860479747  231.231635006375 
0.58531447575673  233.712417607406 
0.594243106501031  236.215161284745 
0.603252176443397  238.740278900167 
0.612343148144649  241.288194416469 
0.62151752442069  243.859343321348 
0.630776849833487  246.45417307054 
0.640122712251725  249.073143551331 
0.649556744485083  251.716727567648 
0.659080625996339  254.385411347999 
0.668696084695781  257.079695077621 
0.678404898822742  259.80009345629 
0.688208898919363  262.547136283344 
0.698109969902074  265.321369071559 
0.708110053236658  268.123353691679 
0.718211149223162  270.953669049468 
0.728415319397403  273.81291179733 
0.738724689056265  276.701697082671 
0.74914144991452  279.620659335351 
0.759667862901508  282.570453096717 
0.770306261106564  285.551753892937 
0.781059052882825  288.565259155513 
0.791928725119729  291.611689192131 
0.802917846695324  294.691788211171 
0.814029072120395  297.806325403548 
0.825265145387321  300.956096085776 
0.836628904037636  304.141922908484 
0.848123283463371  307.364657134984 
0.85975132145849  310.625179994806 
0.871516163038077  313.924404117584 
0.883421065544395  317.263275053102 
0.895469404060569  320.642772883788 
0.907664677154388  324.063913936526 
0.920010512976687  327.52775260122 
0.932510675740919  331.035383264216 
0.945169072612842  334.587942365407 
0.957989761041903  338.186610588661 
0.970976956568715  341.832615196069 
0.984135041146226  345.527232517517 
0.997468572015691  349.271790608146 
1.01098229118241  353.067672087485 
1.02468113554058  356.916317175361 
1.03857024770124  360.819226941184 
1.05265498758298  364.777966784855 
1.06694094483046  368.794170169389 
1.08143395213303  372.869542627415 
1.09614009952272  377.005866065995 
1.1110657497394  381.205003396826 
1.12621755476  385.468903521757 
1.14160247359948  389.79960670682 
1.15722779150256  394.199250381669 
1.17310114065885  398.670075405431 
1.18923052258873  403.214432844686 
1.20562433236441  407.834791314592 
1.22229138484962  412.533744940167 
1.23924094316339  417.314022001644 
1.2564827495979  422.17849433555 
1.27402705924881  427.130187572113 
1.29188467664882  432.172292299793 
1.31006699573201  437.308176259406 
1.32858604349924  442.541397683792 
1.34745452780363  447.875719914447 
1.36668588973151  453.315127444496 
1.38629436111989  458.863843558099 
1.40629502782656  464.526349760549 
1.42670389945777  470.307407221394 
1.44753798636061  476.212080485794 
1.46881538480789  482.245763747813 
1.4905553714443  488.414210024666 
1.51277850822901  494.72356362436 
1.53550675930657  501.180396362495 
1.55876362147083  507.791748059179 
1.58257427016455  514.56517193677 
1.60696572328871  521.508785646632 
1.63196702549413  528.631328782348 
1.65760945610747  535.942227893 
1.68392676442484  543.451670199565 
1.71095543681276  551.170687448519 
1.73873500091983  559.111251619807 
1.76730837336389  567.286384555057 
1.79672225857018  575.710284003897 
1.82702760806551  584.398469124479 
1.85828015156962  593.367949149189 
1.89054101378784  602.637419778203 
1.92387743405543  612.227492945939 
1.9583636101266  622.160966991178 
1.99408169272868  632.463146049735 
2.03112296440903  643.162219815242 
2.06958924523682  654.289717868367 
2.10959457985052  665.88105682395 
2.15126727625109  677.976203968405 
2.19475238819083  690.620488403022 
2.24021476226759  703.865600772097 
2.28784281125684  717.770836625221 
2.3378532318315  732.404658131555 
2.39049696531693  747.846676982208 
2.44606681647174  764.190202194418 
2.50490731649467  781.545557063628 
2.567427673476  800.044460991992 
2.63411904797468  819.845913343989 
2.70557801195682  841.144240706363 
2.78253905309295  864.180334717132 
2.865920662032  889.257723953959 
2.95689244023773  916.766201001681 
3.05697589879471  947.217692522089 
3.16820153390493  981.302834339208 
3.29336467685894  1019.98440265733 
3.43646552049961  1064.66059576513 
3.60351960516278  1117.47153555027 
3.80419030062493  1181.93100165558 
4.05550472890584  1264.40680070686 
4.39197696552705  1378.31375856143 
4.90280258929304  1560.44624078796 
