1.88161 -0.268118632049245 
3.76322 -0.259036270805266 
5.64483 -0.25001895811722 
7.52644 -0.241066228102445 
9.40805 -0.232177618214967 
11.28966 -0.223352669221599 
13.17127 -0.214590925178219 
15.05288 -0.205891933406211 
16.93449 -0.197255244469075 
18.8161 -0.188680412149212 
20.69771 -0.180166993424866 
22.57932 -0.171714548447234 
24.46093 -0.163322640517748 
26.34254 -0.154990836065504 
28.22415 -0.146718704624867 
30.10576 -0.13850581881323 
31.98737 -0.13035175430893 
33.86898 -0.122256089829331 
35.75059 -0.114218407109053 
37.6322 -0.106238290878364 
39.51381 -0.0983153288417262 
41.39542 -0.0904491116564932 
43.27703 -0.0826392329117611 
45.15864 -0.0748852891073719 
47.04025 -0.0671868796330659 
48.92186 -0.0595436067477846 
50.80347 -0.0519550755591207 
52.68508 -0.044420894002916 
54.56669 -0.0369406728230055 
56.4483 -0.0295140255511064 
58.32991 -0.0221405684868505 
60.21152 -0.0148199206779609 
62.09313 -0.00755170390056925 
63.97474 -0.00033554263967539 
65.85635 0.00682893593025402 
67.73796 0.0139421019645481 
69.61957 0.0210043229674556 
71.50118 0.0280159638111318 
73.38279 0.0349773867544901 
75.2644 0.0418889514619187 
77.14601 0.048751015021862 
79.02762 0.05556393196527 
80.90923 0.0623280542839153 
82.79084 0.0690437314485793 
84.67245 0.0757113104271068 
86.55406 0.082331135702333 
88.43567 0.088903549289881 
90.31728 0.0954288907558322 
92.19889 0.10190749723427 
94.0805 0.108339703444699 
95.96211 0.114725841709336 
97.84372 0.121066241970281 
99.72533 0.127361231806566 
101.60694 0.133611136451076 
103.48855 0.139816278807352 
105.37016 0.145976979466277 
107.25177 0.152093556722639 
109.13338 0.158166326591573 
111.01499 0.16419560282489 
112.8966 0.170181696927288 
114.77821 0.176124918172443 
116.65982 0.182025573618991 
118.54143 0.187883968126391 
120.42304 0.193700404370674 
122.30465 0.199475182860085 
124.18626 0.205208601950605 
126.06787 0.210900957861366 
127.94948 0.216552544689957 
129.83109 0.222163654427619 
131.7127 0.227734576974328 
133.59431 0.233265600153775 
135.47592 0.238757009728237 
137.35753 0.244209089413339 
139.23914 0.249622120892713 
141.12075 0.254996383832553 
143.00236 0.260332155896062 
144.88397 0.265629712757798 
146.76558 0.270889328117916 
148.64719 0.276111273716311 
150.5288 0.281295819346658 
152.41041 0.286443232870347 
154.29202 0.291553780230324 
156.17363 0.296627725464834 
158.05524 0.301665330721058 
159.93685 0.306666856268661 
161.81846 0.311632560513236 
163.70007 0.316562700009656 
165.58168 0.321457529475327 
167.46329 0.326317301803353 
169.3449 0.331142268075596 
171.22651 0.335932677575651 
173.10812 0.340688777801727 
174.98973 0.345410814479429 
176.87134 0.350099031574459 
178.75295 0.354753671305218 
180.63456 0.35937497415532 
182.51617 0.363963178886018 
184.39778 0.368518522548539 
186.27939 0.373041240496328 
188.161 0.377531566397216 
190.04261 0.381989732245484 
191.92422 0.386415968373853 
193.80583 0.390810503465385 
195.68744 0.395173564565295 
197.56905 0.399505377092684 
199.45066 0.403806164852184 
201.33227 0.408076150045521 
203.21388 0.412315553282997 
205.09549 0.416524593594885 
206.9771 0.420703488442747 
208.85871 0.424852453730669 
210.74032 0.428971703816416 
212.62193 0.433061451522506 
214.50354 0.437121908147206 
216.38515 0.441153283475449 
218.26676 0.445155785789673 
220.14837 0.44912962188058 
222.02998 0.453074997057825 
223.91159 0.456992115160614 
225.7932 0.460881178568247 
227.67481 0.464742388210565 
229.55642 0.468575943578334 
231.43803 0.472382042733555 
233.31964 0.476160882319691 
235.20125 0.479912657571831 
237.08286 0.483637562326775 
238.96447 0.48733578903305 
240.84608 0.491007528760852 
242.72769 0.494652971211917 
244.6093 0.498272304729325 
246.49091 0.501865716307226 
248.37252 0.505433391600504 
250.25413 0.508975514934372 
252.13574 0.512492269313887 
254.01735 0.515983836433415 
255.89896 0.51945039668601 
257.78057 0.522892129172737 
259.66218 0.526309211711929 
261.54379 0.529701820848366 
263.4254 0.533070131862406 
265.30701 0.536414318779032 
267.18862 0.539734554376849 
269.07023 0.543031010197008 
270.95184 0.546303856552069 
272.83345 0.5495532625348 
274.71506 0.552779396026917 
276.59667 0.55598242370775 
278.47828 0.559162511062862 
280.35989 0.562319822392596 
282.2415 0.565454520820562 
284.12311 0.568566768302067 
286.00472 0.571656725632484 
287.88633 0.574724552455553 
289.76794 0.577770407271637 
291.64955 0.580794447445907 
293.53116 0.583796829216471 
295.41277 0.586777707702451 
297.29438 0.589737236911991 
299.17599 0.592675569750218 
301.0576 0.595592858027142 
302.93921 0.598489252465498 
304.82082 0.601364902708532 
306.70243 0.604219957327735 
308.58404 0.607054563830518 
310.46565 0.609868868667832 
312.34726 0.612663017241735 
314.22887 0.615437153912907 
316.11048 0.618191422008102 
317.99209 0.620925963827559 
319.8737 0.623640920652354 
321.75531 0.626336432751693 
323.63692 0.629012639390168 
325.51853 0.631669678834942 
327.40014 0.634307688362904 
329.28175 0.636926804267752 
331.16336 0.639527161867038 
333.04497 0.642108895509162 
334.92658 0.644672138580309 
336.80819 0.647217023511342 
338.6898 0.649743681784644 
340.57141 0.652252243940913 
342.45302 0.654742839585902 
344.33463 0.657215597397121 
346.21624 0.659670645130478 
348.09785 0.662108109626887 
349.97946 0.664528116818817 
351.86107 0.666930791736798 
353.74268 0.669316258515884 
355.62429 0.671684640402061 
357.5059 0.674036059758621 
359.38751 0.67637063807248 
361.26912 0.678688495960456 
363.15073 0.680989753175498 
365.03234 0.683274528612879 
366.91395 0.685542940316332 
368.79556 0.687795105484154 
370.67717 0.690031140475256 
372.55878 0.692251160815182 
374.44039 0.694455281202069 
376.322 0.696643615512581 
378.20361 0.698816276807786 
380.08522 0.700973377339002 
381.96683 0.703115028553594 
383.84844 0.705241341100731 
385.73005 0.707352424837106 
387.61166 0.709448388832611 
389.49327 0.711529341375968 
391.37488 0.713595389980331 
393.25649 0.715646641388834 
395.1381 0.717683201580109 
397.01971 0.719705175773761 
398.90132 0.721712668435805 
400.78293 0.723705783284062 
402.66454 0.725684623293519 
404.54615 0.727649290701646 
406.42776 0.729599887013684 
408.30937 0.731536513007883 
410.19098 0.733459268740712 
412.07259 0.73536825355203 
413.9542 0.737263566070214 
415.83581 0.739145304217259 
417.71742 0.741013565213833 
419.59903 0.742868445584306 
421.48064 0.744710041161728 
423.36225 0.746538447092791 
425.24386 0.748353757842735 
427.12547 0.750156067200234 
429.00708 0.751945468282243 
430.88869 0.753722053538802 
432.7703 0.75548591475782 
434.65191 0.757237143069813 
436.53352 0.758975828952613 
438.41513 0.760702062236045 
440.29674 0.762415932106562 
442.17835 0.764117527111862 
444.05996 0.765806935165453 
445.94157 0.767484243551203 
447.82318 0.769149538927845 
449.70479 0.770802907333456 
451.5864 0.772444434189901 
453.46801 0.774074204307248 
455.34962 0.77569230188815 
457.23123 0.777298810532191 
459.11284 0.778893813240212 
460.99445 0.780477392418594 
462.87606 0.782049629883516 
464.75767 0.783610606865187 
466.63928 0.785160404012036 
468.52089 0.786699101394883 
470.4025 0.788226778511074 
472.28411 0.78974351428859 
474.16572 0.791249387090123 
476.04733 0.792744474717126 
477.92894 0.794228854413833 
479.81055 0.795702602871247 
481.69216 0.797165796231107 
483.57377 0.798618510089815 
485.45538 0.800060819502349 
487.33699 0.801492798986138 
489.2186 0.802914522524909 
491.10021 0.804326063572515 
492.98182 0.805727495056724 
494.86343 0.807118889382991 
496.74504 0.808500318438199 
498.62665 0.80987185359437 
500.50826 0.811233565712355 
502.38987 0.812585525145494 
504.27148 0.813927801743251 
506.15309 0.815260464854823 
508.0347 0.816583583332723 
509.91631 0.817897225536336 
511.79792 0.819201459335454 
513.67953 0.820496352113779 
515.56114 0.821781970772406 
517.44275 0.823058381733279 
519.32436 0.824325650942623 
521.20597 0.825583843874354 
523.08758 0.826833025533454 
524.96919 0.828073260459338 
526.8508 0.829304612729184 
528.73241 0.830527145961244 
530.61402 0.831740923318131 
532.49563 0.832946007510084 
534.37724 0.834142460798205 
536.25885 0.835330344997677 
538.14046 0.83650972148096 
540.02207 0.83768065118096 
541.90368 0.838843194594173 
543.78529 0.839997411783819 
545.6669 0.841143362382938 
547.54851 0.842281105597475 
549.43012 0.843410700209337 
551.31173 0.844532204579431 
553.19334 0.845645676650677 
555.07495 0.846751173951007 
556.95656 0.847848753596331 
558.83817 0.84893847229349 
560.71978 0.850020386343188 
562.60139 0.851094551642898 
564.483 0.852161023689753 
566.36461 0.853219857583408 
568.24622 0.854271108028893 
570.12783 0.855314829339436 
572.00944 0.856351075439269 
573.89105 0.857379899866414 
575.77266 0.85840135577545 
577.65427 0.85941549594026 
579.53588 0.860422372756755 
581.41749 0.861422038245584 
583.2991 0.862414544054819 
585.18071 0.863399941462625 
587.06232 0.864378281379909 
588.94393 0.86534961435295 
590.82554 0.86631399056601 
592.70715 0.867271459843931 
594.58876 0.868222071654701 
596.47037 0.869165875112017 
598.35198 0.87010291897782 
600.23359 0.871033251664814 
602.1152 0.871956921238968 
603.99681 0.872873975421998 
605.87842 0.873784461593834 
607.76003 0.874688426795067 
609.64164 0.875585917729381 
611.52325 0.876476980765963 
613.40486 0.877361661941901 
615.28647 0.878240006964563 
617.16808 0.879112061213955 
619.04969 0.879977869745071 
620.9313 0.880837477290214 
622.81291 0.881690928261316 
624.69452 0.882538266752222 
626.57613 0.883379536540977 
628.45774 0.884214781092083 
630.33935 0.885044043558746 
632.22096 0.885867366785106 
634.10257 0.886684793308451 
635.98418 0.887496365361411 
637.86579 0.888302124874144 
639.7474 0.889102113476503 
641.62901 0.889896372500181 
643.51062 0.890684942980855 
645.39223 0.891467865660296 
647.27384 0.892245180988485 
649.15545 0.893016929125692 
651.03706 0.89378314994456 
652.91867 0.89454388303216 
654.80028 0.895299167692035 
656.68189 0.896049042946237 
658.5635 0.896793547537337 
660.44511 0.897532719930428 
662.32672 0.898266598315115 
664.20833 0.898995220607485 
666.08994 0.899718624452068 
667.97155 0.900436847223779 
669.85316 0.901149926029854 
671.73477 0.901857897711762 
673.61638 0.902560798847112 
675.49799 0.90325866575154 
677.3796 0.903951534480587 
679.26121 0.904639440831562 
681.14282 0.905322420345392 
683.02443 0.906000508308455 
684.90604 0.906673739754407 
686.78765 0.907342149465989 
688.66926 0.908005771976827 
690.55087 0.908664641573213 
692.43248 0.909318792295878 
694.31409 0.909968257941752 
696.1957 0.910613072065709 
698.07731 0.911253267982298 
699.95892 0.911888878767469 
701.84053 0.91251993726028 
703.72214 0.913146476064591 
705.60375 0.913768527550751 
707.48536 0.914386123857272 
709.36697 0.914999296892486 
711.24858 0.915608078336197 
713.13019 0.916212499641312 
715.0118 0.916812592035474 
716.89341 0.917408386522669 
718.77502 0.91799991388483 
720.65663 0.91858720468343 
722.53824 0.919170289261055 
724.41985 0.919749197742978 
726.30146 0.92032396003871 
728.18307 0.92089460584355 
730.06468 0.921461164640115 
731.94629 0.922023665699868 
733.8279 0.922582138084625 
735.70951 0.92313661064806 
737.59112 0.923687112037195 
739.47273 0.924233670693879 
741.35434 0.924776314856261 
743.23595 0.925315072560242 
745.11756 0.925849971640931 
746.99917 0.92638103973408 
748.88078 0.926908304277509 
750.76239 0.927431792512528 
752.644 0.927951531485343 
