0.00985229644301159  -17.2130478586151 
0.0298529631496812  -16.0157765589759 
0.0502618347808883  -14.3882756100448 
0.0710959216837302  -12.5575341973235 
0.0923733201310152  -10.5875464263669 
0.114113306767421  -8.50618911301914 
0.136336443552131  -6.32782322556085 
0.159064694629687  -4.06038152089589 
0.182321556793955  -1.70824658090053 
0.206132205487673  0.726384377414954 
0.230523658611832  3.24278226232294 
0.25552496081725  5.84128199263418 
0.281167391430587  8.52304451715285 
0.307484699747961  11.289913919617 
0.33451337213588  14.1443327041228 
0.362292936242956  17.0892950310915 
0.390866308687012  20.128326400011 
0.420280193893305  23.2654831313918 
0.450585543388634  26.5053678700439 
0.481838086892738  29.8531591424591 
0.51409894911096  33.3146542376082 
0.547435369378552  36.8963256125044 
0.581921545449721  40.6053918133018 
0.6176396280518  44.4499046574737 
0.654680899732149  48.4388552261811 
0.693147180559945  52.5823021451263 
0.733152515173645  56.8915267704821 
0.774825211574212  61.3792213465602 
0.818310323513951  66.0597181002746 
0.863772697590709  70.9492697746593 
0.911400746579963  76.0663955538995 
0.961411167154625  81.4323110995303 
1.01405490064005  87.0714681091672 
1.06962475179486  93.0122383573034 
1.12846525181779  99.2877910416216 
1.19098560879912  105.937232773968 
1.2576769832978  113.007110553398 
1.32913594727994  120.553425990877 
1.40609698841607  128.644385112831 
1.48947859735512  137.364232325274 
1.58045037556085  146.818726950872 
1.68053383411783  157.143188827601 
1.79175946922806  168.514714244583 
1.91692261218206  181.171466381375 
2.06002345582273  195.444620485422 
2.2270775404859  211.814468789691 
2.42774823594805  231.016585225461 
2.67906266422896  254.263294078949 
3.01553490085017  283.770721208853 
3.52636052461616  324.253182923046 
