0.00985229644301159  -13.7224528804002 
0.0298529631496812  -9.90912448931671 
0.0502618347808883  -6.42376158310315 
0.0710959216837302  -3.03511351631985 
0.0923733201310152  0.325347324408945 
0.114113306767421  3.69032697143688 
0.136336443552131  7.07933760864336 
0.159064694629687  10.5058144862972 
0.182321556793955  13.9800266414513 
0.206132205487673  17.5104782841507 
0.230523658611832  21.1046670748076 
0.25552496081725  24.769534407973 
0.281167391430587  28.5117554828471 
0.307484699747961  32.337941144478 
0.33451337213588  36.2547895129012 
0.362292936242956  40.2692089587866 
0.390866308687012  44.3884255238397 
0.420280193893305  48.6200833564483 
0.450585543388634  52.9723442715159 
0.481838086892738  57.453991242964 
0.51409894911096  62.0745400428399 
0.547435369378552  66.8443631222209 
0.581921545449721  71.774830077525 
0.6176396280518  76.8784696256683 
0.654680899732149  82.1691589383476 
0.693147180559945  87.6623475198947 
0.733152515173645  93.3753246632337 
0.774825211574212  99.327542054022 
0.818310323513951  105.541006568291 
0.863772697590709  112.040763101945 
0.911400746579963  118.855493947049 
0.961411167154625  126.0182706465 
1.01405490064005  133.567507733375 
1.06962475179486  141.548187359554 
1.12846525181779  150.013452845991 
1.19098560879912  159.026713059979 
1.2576769832978  168.664467347909 
1.32913594727994  179.020168282158 
1.40609698841607  190.209614887169 
1.48947859735512  202.378664534481 
1.58045037556085  215.714568370456 
1.68053383411783  230.463177999131 
1.79175946922806  246.956080356343 
1.91692261218206  265.655403223095 
2.06002345582273  287.232106196513 
2.2270775404859  312.712920033827 
2.42774823594805  343.783153983479 
2.67906266422896  383.496146178285 
3.01553490085017  438.282293331522 
3.52636052461616  525.772701221799 
