695.623
628.997
643.069
704.975
616.979
384.025
340.803
376.317
698.212
655.482
711.901
694.299
762.069
619.901
649.813
676.887
603.897
683.286
636.798
646.062
639.723
651.278
704.591
760.844
683.863
716.778
657.22
697.515
675.467
670.574
654.896
699.245
625.414
329.978
624.591
480.681
670.416
671.98
648.561
688.597
650.355
692.549
680.267
654.044
579.997
638.582
675.842
665.448
652.771
638.24
170.285
674.312
678.171
769.736
337.187
620.065
650.498
663.966
697.057
646.269
694.577
721.792
692.4
722.576
651.315
377.578
662.142
658.44
635.879
682.172
697.571
656.557
720.012
661.772
169.51
677.628
665.129
657.802
662.193
332.819
308.323
656.823
687.617
715.026
563.629
663.84
645.262
727.158
644.939
644.141
737.643
619.653
620.572
700.563
635.694
667.251
685.904
675.338
649.021
683.642
697.477
669.925
149.839
156.338
683.455
645.143
661.058
636.66
693.064
385.181
601.619
315.481
676.599
680.682
167.69
671.975
691.825
635.725
633.038
628.81
641.271
738.111
644.393
746.41
706.237
680.938
681.543
724.241
695.727
663.124
647.45
699.153
684.807
661.714
157.896
666.87
667.579
610.864
634.831
708.628
626.367
647.58
692.449
659.423
691.888
673.137
691.3
723.095
709.716
703.064
667.937
651.158
687.994
652.794
477.228
695.938
304.272
665.148
630.153
650.387
692.825
633.512
701.14
697.403
239.714
150.71
686.2
707.63
650.654
214.119
645.082
750.858
664.119
748.475
700.082
675.619
667.97
753.783
681.511
677.203
525.394
677.666
698.394
664.313
711.425
573.488
653.827
743.55
678.75
714.126
633.18
641.478
163.924
695.154
632.724
478.158
668.833
638.108
699.728
650.067