0.00249066131245192  622.158979940488 
0.00749067172915763  622.547637571294 
0.0125158079318306  622.896934698449 
0.0175663237178992  623.230863751475 
0.0226424767497598  623.55639624108 
0.0277445286336553  623.876724296907 
0.0328727450005748  624.19362927069 
0.0380273955892393  624.508227765292 
0.0432087543312368  624.821276349855 
0.048417099438375  625.133317365002 
0.0536527134923201  625.444756684046 
0.0589158835365947  625.75590862258 
0.0642069011710103  626.067023512655 
0.0695260626486102  626.378305477333 
0.0748736689752055  626.689924352078 
0.080250026011586  627.002023948817 
0.0856554445784939  627.314727947 
0.0910902405644508  627.628144194917 
0.0965547350365295  627.942367916328 
0.10204925435417  628.257484145048 
0.10757413028614  628.573569603523 
0.113129700130742  628.890694173442 
0.118716306839382  629.208922062066 
0.124334299143605  629.528312738186 
0.129984031685724  629.848921691338 
0.135665865153155  630.170801053766 
0.141380166416594  630.494000114633 
0.147127308672162  630.818565748763 
0.152907671587661  631.144542776997 
0.158721641453081  631.471974271336 
0.164569611335504  631.800901815197 
0.170451981238571  632.131365726872 
0.176369158266659  632.463405252678 
0.182321556793955  632.797058734935 
0.188309598638577  633.132363758973 
0.194333713241958  633.469357282543 
0.200394337853649  633.808075750419 
0.206491917721768  634.148555196463 
0.212626906289284  634.490831335065 
0.218799765396364  634.834939643515 
0.225010965489005  635.180915436641 
0.231260985834177  635.52879393482 
0.23755031474174  635.878610326302 
0.243879449793388  636.230399824647 
0.250248898078868  636.584197721964 
0.256659176439787  636.940039438526 
0.263110811721276  637.297960569284 
0.269604341031824  637.657996927698 
0.27614031201161  638.020184587295 
0.282719283109652  638.384559921251 
0.289341823870145  638.751159640326 
0.296008515228335  639.120020829393 
0.302719949816321  639.491180982784 
0.309476732279201  639.864678038687 
0.316279479601954  640.240550412741 
0.323128821447529  640.61883703103 
0.330025400506589  640.999577362602 
0.3369698728594  641.38281145167 
0.343962908350371  641.768579949605 
0.351005190975783  642.156924146849 
0.358097419285275  642.547886004865 
0.365240306797655  642.941508188204 
0.372434582431683  643.337834096809 
0.37968099095245  643.73690789864 
0.386980293434061  644.138774562705 
0.39433326773932  644.543479892593 
0.401740709017182  644.951070560582 
0.409203430218771  645.361594142414 
0.416722262632799  645.775099152809 
0.424298056441256  646.191635081809 
0.431931681296328  646.611252432024 
0.439624026919483  647.034002756864 
0.447376003723801  647.459938699837 
0.455188543460595  647.889114035004 
0.463062599891501  648.321583708662 
0.470999149487237  648.757403882361 
0.478999192154313  649.196631977319 
0.487063751991044  649.639326720358 
0.495193878074294  650.085548191428 
0.503390645278472  650.53535787284 
0.511655155128366  650.988818700296 
0.51998853668751  651.44599511584 
0.52839194748389  651.906953122827 
0.536866574474862  652.37176034304 
0.54541363505332  652.840486076074 
0.554034378097228  653.313201361128 
0.562730085064781  653.789979041322 
0.571502071137618  654.270893830717 
0.580351686414601  654.756022384156 
0.589280317158902  655.245443370125 
0.598289387101268  655.739237546775 
0.60738035880252  656.237487841315 
0.616554735078561  656.740279432952 
0.625814060491358  657.247699839593 
0.635159922909596  657.75983900853 
0.644593955142955  658.276789411338 
0.65411783665421  658.798646143239 
0.663733295353652  659.325507027193 
0.673442109480613  659.857472723009 
0.683246109577234  660.394646841767 
0.693147180559945  660.937136065888 
0.703147263894529  661.485050275184 
0.713248359881032  662.038502679271 
0.723452530055274  662.597609956743 
0.733761899714136  663.162492401516 
0.744178660572391  663.733274076825 
0.754705073559379  664.31008297734 
0.765343471764434  664.893051199945 
0.776096263540696  665.482315123745 
0.7869659357776  666.078015599904 
0.797955057353195  666.680298151984 
0.809066282778266  667.289313187476 
0.820302356045192  667.905216221321 
0.831666114695507  668.528168112207 
0.843160494121242  669.158335312574 
0.854788532116361  669.79589013327 
0.866553373695948  670.44101102392 
0.878458276202266  671.093882870129 
0.890506614718441  671.754697308778 
0.902701887812259  672.423653062717 
0.915047723634558  673.100956296347 
0.927547886398789  673.78682099364 
0.940206283270713  674.48146936036 
0.953026971699775  675.185132252331 
0.966014167226586  675.898049631841 
0.979172251804097  676.620471054396 
0.992505782673562  677.352656188315 
1.00601950184028  678.094875369833 
1.01971834619845  678.847410196683 
1.03360745835911  679.610554163388 
1.04769219824085  680.384613341849 
1.06197815548833  681.16990711114 
1.0764711627909  681.966768940849 
1.09117731018059  682.775547232749 
1.10610296039727  683.596606226083 
1.12125476541787  684.430326972321 
1.13663968425735  685.277108385871 
1.15226500216043  686.137368377975 
1.16813835131672  687.011545081783 
1.1842677332466  687.900098177562 
1.20066154302228  688.803510328011 
1.21732859550749  689.72228873482 
1.23427815382127  690.656966828979 
1.25151996025577  691.608106108842 
1.26906426990668  692.576298141708 
1.28692188730669  693.562166746662 
1.30510420638988  694.566370378726 
1.32362325415712  695.589604736974 
1.3424917384615  696.632605622319 
1.36172310038939  697.696152074164 
1.38133157177776  698.78106981919 
1.40133223848443  699.888235070239 
1.42174111011564  701.018578718788 
1.44257519701848  702.173090970881 
1.46385259546577  703.352826483979 
1.48559258210217  704.558910070969 
1.50781571888688  705.792543048096 
1.53054396996444  707.05501031591 
1.5538008321287  708.347688277035 
1.57761148082242  709.672053712129 
1.60200293394658  711.0296937564 
1.627004236152  712.422317144325 
1.65264666676534  713.851766920737 
1.67896397508271  715.320034853512 
1.70599264747063  716.829277828227 
1.73377221157771  718.381836560529 
1.76234558402176  719.980257030115 
1.79175946922806  721.627315124705 
1.82206481872338  723.326045087594 
1.85331736222749  725.079772494355 
1.88557822444571  726.892152650743 
1.9189146447133  728.7672155155 
1.95340082078447  730.709418522676 
1.98911890338655  732.723709027696 
2.0261601750669  734.815598556282 
2.06462645589469  736.991251632616 
2.1046317905084  739.257592754769 
2.14630448690896  741.622436145708 
2.1897895988487  744.09464434387 
2.23525197292546  746.684323664851 
2.28288002191471  749.403067297145 
2.33289044248938  752.264260640366 
2.3855341759748  755.2834689919 
2.44110402712961  758.478935680109 
2.49994452715254  761.872230577144 
2.56246488413387  765.489106810586 
2.62915625863255  769.360651143162 
2.70061522261469  773.524857329308 
2.77757626375082  778.028823274046 
2.86095787268987  782.93189332007 
2.9519296508956  788.310277680866 
3.05201310945258  794.264065556156 
3.16323874456281  800.928286373642 
3.28840188751681  808.491176929652 
3.43150273115748  817.226105291674 
3.59855681582065  827.551496200815 
3.7992275112828  840.15434404248 
4.05054193956371  856.279645895799 
4.38701417618492  878.55019032755 
4.89783979995091  914.159792889753 
