0.4302275 0.123284316135255 
0.860455 0.130027527878927 
1.2906825 0.1367188745705 
1.72091 0.143358755127245 
2.1511375 0.149947565398183 
2.581365 0.156485698187682 
3.0115925 0.162973543278878 
3.44182 0.16941148745691 
3.8720475 0.17579991453198 
4.302275 0.182139205362235 
4.7325025 0.188429737876469 
5.16273 0.194671887096662 
5.5929575 0.200866025160327 
6.023185 0.207012521342707 
6.4534125 0.213111742078778 
6.88364 0.219164050985106 
7.3138675 0.225169808881518 
7.744095 0.231129373812614 
8.1743225 0.237043101069114 
8.60455 0.242911343209037 
9.0347775 0.248734450078723 
9.465005 0.254512768833686 
9.8952325 0.260246643959312 
10.32546 0.265936417291398 
10.7556875 0.271582428036526 
11.185915 0.277185012792292 
11.6161425 0.282744505567367 
12.04637 0.288261237801415 
12.4765975 0.293735538384847 
12.906825 0.299167733678431 
13.3370525 0.304558147532751 
13.76728 0.30990710130751 
14.1975075 0.31521491389069 
14.627735 0.320481901717562 
15.0579625 0.325708378789556 
15.48819 0.330894656692972 
15.9184175 0.336041044617564 
16.348645 0.341147849374968 
16.7788725 0.346215375416996 
17.2091 0.351243924853783 
17.6393275 0.356233797471803 
18.069555 0.361185290751735 
18.4997825 0.366098699886204 
18.93001 0.370974317797377 
19.3602375 0.375812435154422 
19.790465 0.380613340390846 
20.2206925 0.385377319721681 
20.65092 0.390104657160553 
21.0811475 0.394795634536613 
21.511375 0.399450531511336 
21.9416025 0.404069625595199 
22.37183 0.408653192164218 
22.8020575 0.413201504476373 
23.232285 0.417714833687893 
23.6625125 0.422193448869423 
24.09274 0.426637617022066 
24.5229675 0.431047603093301 
24.953195 0.435423669992777 
25.3834225 0.439766078607987 
25.81365 0.444075087819823 
26.2438775 0.448350954518008 
26.674105 0.452593933616411 
27.1043325 0.456804278068244 
27.53456 0.460982238881146 
27.9647875 0.46512806513214 
28.395015 0.469242003982489 
28.8252425 0.473324300692429 
29.25547 0.477375198635787 
29.6856975 0.481394939314496 
30.115925 0.48538376237299 
30.5461525 0.489341905612488 
30.97638 0.493269605005175 
31.4066075 0.49716709470827 
31.836835 0.501034607077983 
32.2670625 0.504872372683368 
32.69729 0.508680620320071 
33.1275175 0.512459577023967 
33.557745 0.516209468084698 
33.9879725 0.519930517059102 
34.4182 0.523622945784542 
34.8484275 0.52728697439213 
35.278655 0.530922821319853 
35.7088825 0.534530703325592 
36.13911 0.538110835500048 
36.5693375 0.541663431279561 
36.999565 0.54518870245884 
37.4297925 0.548686859203584 
37.86002 0.552158110063015 
38.2902475 0.555602661982309 
38.720475 0.559020720314935 
39.1507025 0.562412488834896 
39.58093 0.565778169748879 
40.0111575 0.569117963708308 
40.441385 0.572432069821309 
40.8716125 0.575720685664576 
41.30184 0.578984007295156 
41.7320675 0.582222229262129 
42.162295 0.585435544618216 
42.5925225 0.588624144931281 
43.02275 0.591788220295753 
43.4529775 0.594927959343961 
43.883205 0.59804354925738 
44.3134325 0.601135175777787 
44.74366 0.604203023218335 
45.1738875 0.607247274474545 
45.604115 0.610268111035205 
46.0343425 0.613265712993192 
46.46457 0.616240259056209 
46.8947975 0.619191926557438 
47.325025 0.622120891466111 
47.7552525 0.625027328398004 
48.18548 0.627911410625844 
48.6157075 0.63077331008964 
49.045935 0.633613197406935 
49.4761625 0.636431241882974 
49.90639 0.639227611520802 
50.3366175 0.642002473031277 
50.766845 0.644755991843008 
51.1970725 0.64748833211222 
51.6273 0.650199656732539 
52.0575275 0.652890127344704 
52.487755 0.655559904346201 
52.9179825 0.658209146900829 
53.34821 0.660838012948187 
53.7784375 0.663446659213089 
54.208665 0.66603524121491 
54.6388925 0.668603913276855 
55.06912 0.671152828535161 
55.4993475 0.673682138948224 
55.929575 0.676191995305663 
56.3598025 0.678682547237305 
56.79003 0.681153943222107 
57.2202575 0.683606330597009 
57.650485 0.686039855565716 
58.0807125 0.688454663207415 
58.51094 0.690850897485426 
58.9411675 0.69322870125578 
59.371395 0.69558821627574 
59.8016225 0.697929583212252 
60.23185 0.700252941650326 
60.6620775 0.702558430101365 
61.092305 0.704846186011417 
61.5225325 0.707116345769371 
61.95276 0.709369044715091 
62.3829875 0.711604417147477 
62.813215 0.71382259633248 
63.2434425 0.716023714511041 
63.67367 0.718207902906979 
64.1038975 0.720375291734809 
64.534125 0.72252601020751 
64.9643525 0.724660186544226 
65.39458 0.726777947977912 
65.8248075 0.728879420762913 
66.255035 0.7309647301825 
66.6852625 0.733034000556332 
67.11549 0.735087355247871 
67.5457175 0.737124916671736 
67.975945 0.739146806300999 
68.4061725 0.741153144674428 
68.8364 0.743144051403677 
69.2666275 0.745119645180409 
69.696855 0.74708004378338 
70.1270825 0.749025364085454 
70.55731 0.750955722060576 
70.9875375 0.752871232790683 
71.417765 0.754772010472564 
71.8479925 0.756658168424671 
72.27822 0.758529819093873 
72.7084475 0.76038707406216 
73.138675 0.762230044053295 
73.5689025 0.764058838939414 
73.99913 0.765873567747579 
74.4293575 0.767674338666276 
74.859585 0.769461259051863 
75.2898125 0.771234435434975 
75.72004 0.772993973526871 
76.1502675 0.774739978225738 
76.580495 0.776472553622943 
77.0107225 0.778191803009242 
77.44095 0.779897828880933 
77.8711775 0.781590732945972 
78.301405 0.783270616130032 
78.7316325 0.784937578582521 
79.16186 0.786591719682555 
79.5920875 0.788233138044879 
80.022315 0.78986193152575 
80.4525425 0.791478197228768 
80.88277 0.793082031510665 
81.3129975 0.79467352998705 
81.743225 0.796252787538113 
82.1734525 0.797819898314273 
82.60368 0.799374955741801 
83.0339075 0.800918052528382 
83.464135 0.802449280668645 
83.8943625 0.803968731449649 
84.32459 0.80547649545632 
84.7548175 0.806972662576859 
85.185045 0.808457322008094 
85.6152725 0.809930562260802 
86.0455 0.811392471164982 
86.4757275 0.812843135875095 
86.905955 0.814282642875258 
87.3361825 0.815711077984399 
87.76641 0.817128526361376 
88.1966375 0.818535072510051 
88.626865 0.819930800284329 
89.0570925 0.821315792893157 
89.48732 0.822690132905486 
89.9175475 0.824053902255191 
90.347775 0.825407182245959 
90.7780025 0.826750053556131 
91.20823 0.828082596243517 
91.6384575 0.829404889750167 
92.068685 0.830717012907105 
92.4989125 0.832019043939032 
92.92914 0.833311060468987 
93.3593675 0.834593139522975 
93.789595 0.835865357534561 
94.2198225 0.837127790349424 
94.65005 0.838380513229882 
95.0802775 0.839623600859375 
95.510505 0.84085712734692 
95.9407325 0.842081166231527 
96.37096 0.843295790486589 
96.8011875 0.844501072524222 
97.231415 0.845697084199593 
97.6616425 0.846883896815197 
98.09187 0.848061581125109 
98.5220975 0.849230207339203 
98.952325 0.850389845127339 
99.3825525 0.851540563623514 
99.81278 0.852682431429985 
100.2430075 0.853815516621357 
100.673235 0.854939886748644 
101.1034625 0.856055608843295 
101.53369 0.85716274942119 
101.9639175 0.858261374486606 
102.394145 0.859351549536151 
102.8243725 0.860433339562669 
103.2546 0.861506809059117 
103.6848275 0.862572022022405 
104.115055 0.863629041957218 
104.5452825 0.864677931879794 
104.97551 0.865718754321687 
105.4057375 0.866751571333493 
105.835965 0.86777644448855 
106.2661925 0.868793434886605 
106.69642 0.869802603157463 
107.1266475 0.870804009464595 
107.556875 0.871797713508731 
107.9871025 0.872783774531414 
108.41733 0.873762251318533 
108.8475575 0.874733202203832 
109.277785 0.875696685072381 
109.7080125 0.87665275736403 
110.13824 0.877601476076835 
110.5684675 0.878542897770455 
110.998695 0.879477078569521 
111.4289225 0.880404074166987 
111.85915 0.881323939827445 
112.2893775 0.882236730390425 
112.719605 0.88314250027366 
113.1498325 0.884041303476333 
113.58006 0.884933193582293 
114.0102875 0.885818223763255 
114.440515 0.886696446781964 
114.8707425 0.887567914995344 
115.30097 0.888432680357618 
115.7311975 0.889290794423408 
116.161425 0.890142308350803 
116.5916525 0.890987272904415 
117.02188 0.891825738458402 
117.4521075 0.892657754999471 
117.882335 0.893483372129861 
118.3125625 0.894302639070295 
118.74279 0.895115604662919 
119.1730175 0.895922317374214 
119.603245 0.89672282529788 
120.0334725 0.897517176157711 
120.4637 0.898305417310431 
120.8939275 0.899087595748528 
121.324155 0.899863758103046 
121.7543825 0.900633950646368 
122.18461 0.90139821929498 
122.6148375 0.902156609612199 
123.045065 0.902909166810897 
123.4752925 0.903655935756192 
123.90552 0.904396960968126 
124.3357475 0.905132286624317 
124.765975 0.905861956562592 
125.1962025 0.906586014283603 
125.62643 0.907304502953418 
126.0566575 0.908017465406097 
126.486885 0.908724944146242 
126.9171125 0.909426981351536 
127.34734 0.910123618875251 
127.7775675 0.910814898248751 
128.207795 0.91150086068396 
128.6380225 0.912181547075824 
129.06825 0.912856998004749 
129.4984775 0.913527253739017 
129.928705 0.91419235423719 
130.3589325 0.914852339150491 
130.78916 0.915507247825166 
131.2193875 0.916157119304833 
131.649615 0.916801992332808 
132.0798425 0.917441905354414 
132.51007 0.918076896519275 
132.9402975 0.918707003683589 
133.370525 0.919332264412384 
133.8007525 0.919952715981759 
134.23098 0.920568395381107 
134.6612075 0.921179339315318 
135.091435 0.921785584206969 
135.5216625 0.922387166198493 
135.95189 0.922984121154338 
136.3821175 0.923576484663101 
136.812345 0.924164292039651 
137.2425725 0.924747578327234 
137.6728 0.925326378299566 
138.1030275 0.925900726462899 
138.533255 0.926470657058084 
138.9634825 0.92703620406261 
139.39371 0.927597401192629 
139.8239375 0.928154281904969 
140.254165 0.928706879399125 
140.6843925 0.929255226619241 
141.11462 0.929799356256071 
141.5448475 0.930339300748931 
141.975075 0.930875092287634 
142.4053025 0.931406762814402 
142.83553 0.931934344025779 
143.2657575 0.932457867374515 
143.695985 0.932977364071443 
144.1262125 0.93349286508734 
144.55644 0.934004401154773 
144.9866675 0.934512002769931 
145.416895 0.935015700194442 
145.8471225 0.935515523457181 
146.27735 0.936011502356054 
146.7075775 0.936503666459781 
147.137805 0.936992045109654 
147.5680325 0.937476667421289 
147.99826 0.937957562286361 
148.4284875 0.938434758374324 
148.858715 0.938908284134126 
149.2889425 0.939378167795899 
149.71917 0.939844437372644 
150.1493975 0.940307120661904 
150.579625 0.940766245247416 
151.0098525 0.94122183850076 
151.44008 0.941673927582988 
151.8703075 0.942122539446244 
152.300535 0.942567700835372 
152.7307625 0.94300943828951 
153.16099 0.94344777814367 
153.5912175 0.943882746530309 
154.021445 0.944314369380891 
154.4516725 0.944742672427427 
154.8819 0.945167681204011 
155.3121275 0.945589421048344 
155.742355 0.946007917103245 
156.1725825 0.946423194318145 
156.60281 0.94683527745058 
157.0330375 0.947244191067666 
157.463265 0.947649959547558 
157.8934925 0.948052607080911 
158.32372 0.94845215767232 
158.7539475 0.948848635141746 
159.184175 0.949242063125943 
159.6144025 0.949632465079864 
160.04463 0.950019864278058 
160.4748575 0.95040428381606 
160.905085 0.950785746611767 
161.3353125 0.951164275406805 
161.76554 0.951539892767881 
162.1957675 0.951912621088135 
162.625995 0.952282482588469 
163.0562225 0.952649499318876 
163.48645 0.953013693159751 
163.9166775 0.953375085823197 
164.346905 0.953733698854321 
164.7771325 0.954089553632516 
165.20736 0.954442671372737 
165.6375875 0.954793073126765 
166.067815 0.955140779784461 
166.4980425 0.955485812075016 
166.92827 0.955828190568182 
167.3584975 0.956167935675497 
167.788725 0.95650506765151 
168.2189525 0.956839606594978 
168.64918 0.957171572450074 
169.0794075 0.957500985007569 
169.509635 0.957827863906014 
169.9398625 0.958152228632913 
170.37009 0.958474098525882 
170.8003175 0.958793492773801 
171.230545 0.959110430417962 
171.6607725 0.959424930353202 
172.091 0.959737011329028 
