0.00249066131245192  216.776847663609 
0.00749067172915763  216.967146578727 
0.0125158079318306  217.138173361897 
0.0175663237178992  217.301675455977 
0.0226424767497598  217.461066330354 
0.0277445286336553  217.617908951401 
0.0328727450005748  217.773075524565 
0.0380273955892393  217.927112773483 
0.0432087543312368  218.080391138038 
0.048417099438375  218.233176165136 
0.0536527134923201  218.385666583029 
0.0589158835365947  218.538016290449 
0.0642069011710103  218.690347857786 
0.0695260626486102  218.842761230067 
0.0748736689752055  218.99533956404 
0.080250026011586  219.148153274515 
0.0856554445784939  219.301262918815 
0.0910902405644508  219.454721302831 
0.0965547350365295  219.608575051089 
0.10204925435417  219.762865798802 
0.10757413028614  219.917631111675 
0.113129700130742  220.072905205966 
0.118716306839382  220.228719519555 
0.124334299143605  220.385103170221 
0.129984031685724  220.542083327371 
0.135665865153155  220.699685516583 
0.141380166416594  220.857933871369 
0.147127308672162  221.016851343107 
0.152907671587661  221.176459877481 
0.158721641453081  221.336780563888 
0.164569611335504  221.497833762867 
0.170451981238571  221.659639215514 
0.176369158266659  221.822216138051 
0.182321556793955  221.985583304076 
0.188309598638577  222.14975911654 
0.194333713241958  222.314761671112 
0.200394337853649  222.480608812292 
0.206491917721768  222.647318183385 
0.212626906289284  222.814907271271 
0.218799765396364  222.983393446739 
0.225010965489005  223.152794001032 
0.231260985834177  223.323126179147 
0.23755031474174  223.49440721035 
0.243879449793388  223.6666543363 
0.250248898078868  223.839884837115 
0.256659176439787  224.014116055669 
0.263110811721276  224.189365420359 
0.269604341031824  224.365650466576 
0.27614031201161  224.542988857044 
0.282719283109652  224.721398401206 
0.289341823870145  224.900897073799 
0.296008515228335  225.081503032731 
0.302719949816321  225.263234636402 
0.309476732279201  225.446110460532 
0.316279479601954  225.630149314617 
0.323128821447529  225.815370258085 
0.330025400506589  226.001792616215 
0.3369698728594  226.189435995902 
0.343962908350371  226.378320301328 
0.351005190975783  226.568465749585 
0.358097419285275  226.759892886313 
0.365240306797655  226.95262260141 
0.372434582431683  227.146676144844 
0.37968099095245  227.342075142627 
0.386980293434061  227.538841612991 
0.39433326773932  227.736997982802 
0.401740709017182  227.936567104266 
0.409203430218771  228.137572271953 
0.416722262632799  228.340037240183 
0.424298056441256  228.543986240829 
0.431931681296328  228.749444001545 
0.439624026919483  228.95643576449 
0.447376003723801  229.164987305571 
0.455188543460595  229.375124954246 
0.463062599891501  229.586875613941 
0.470999149487237  229.800266783102 
0.478999192154313  230.015326576953 
0.487063751991044  230.232083749979 
0.495193878074294  230.450567719201 
0.503390645278472  230.670808588278 
0.511655155128366  230.892837172495 
0.51998853668751  231.116685024691 
0.52839194748389  231.342384462169 
0.536866574474862  231.569968594666 
0.54541363505332  231.799471353429 
0.554034378097228  232.030927521467 
0.562730085064781  232.264372765048 
0.571502071137618  232.49984366651 
0.580351686414601  232.737377758458 
0.589280317158902  232.977013559439 
0.598289387101268  233.218790611167 
0.60738035880252  233.462749517393 
0.616554735078561  233.708931984518 
0.625814060491358  233.957380864042 
0.635159922909596  234.208140196969 
0.644593955142955  234.461255260271 
0.65411783665421  234.716772615537 
0.663733295353652  234.974740159944 
0.673442109480613  235.23520717968 
0.683246109577234  235.498224405965 
0.693147180559945  235.763844073843 
0.703147263894529  236.032119983904 
0.713248359881032  236.303107567111 
0.723452530055274  236.576863952947 
0.733761899714136  236.853448041072 
0.744178660572391  237.13292057672 
0.754705073559379  237.415344230079 
0.765343471764434  237.70078367991 
0.776096263540696  237.989305701681 
0.7869659357776  238.280979260523 
0.797955057353195  238.575875609315 
0.809066282778266  238.874068392265 
0.820302356045192  239.175633754342 
0.831666114695507  239.480650456987 
0.843160494121242  239.789200000511 
0.854788532116361  240.101366753689 
0.866553373695948  240.41723809103 
0.878458276202266  240.736904538301 
0.890506614718441  241.060459926903 
0.902701887812259  241.388001557753 
0.915047723634558  241.719630375378 
0.927547886398789  242.055451153017 
0.940206283270713  242.39557268955 
0.953026971699775  242.7401080192 
0.966014167226586  243.089174634997 
0.979172251804097  243.442894727112 
0.992505782673562  243.801395437264 
1.00601950184028  244.164809130517 
1.01971834619845  244.533273685917 
1.03360745835911  244.906932807549 
1.04769219824085  245.285936357775 
1.06197815548833  245.670440714566 
1.0764711627909  246.060609155045 
1.09117731018059  246.456612267605 
1.10610296039727  246.858628395154 
1.12125476541787  247.266844112393 
1.13663968425735  247.681454740278 
1.15226500216043  248.102664901202 
1.16813835131672  248.530689118843 
1.1842677332466  248.965752467015 
1.20066154302228  249.408091272451 
1.21732859550749  249.857953876941 
1.23427815382127  250.315601464957 
1.25151996025577  250.781308963633 
1.26906426990668  251.255366022792 
1.28692188730669  251.738078083745 
1.30510420638988  252.229767546634 
1.32362325415712  252.730775047456 
1.3424917384615  253.24146085732 
1.36172310038939  253.762206418249 
1.38133157177776  254.293416031816 
1.40133223848443  254.835518719195 
1.42174111011564  255.388970273929 
1.44257519701848  255.954255531825 
1.46385259546577  256.531890886115 
1.48559258210217  257.122427080321 
1.50781571888688  257.726452316398 
1.53054396996444  258.344595721786 
1.5538008321287  258.977531226199 
1.57761148082242  259.625981907574 
1.60200293394658  260.290724876879 
1.627004236152  260.972596783883 
1.65264666676534  261.672500040902 
1.67896397508271  262.391409879696 
1.70599264747063  263.130382378812 
1.73377221157771  263.890563625738 
1.76234558402176  264.673200211654 
1.79175946922806  265.479651297886 
1.82206481872338  266.311402544723 
1.85331736222749  267.170082257833 
1.88557822444571  268.057480189082 
1.9189146447133  268.975569532138 
1.95340082078447  269.926532785933 
1.98911890338655  270.912792330206 
2.0261601750669  271.937046780094 
2.06462645589469  273.002314479173 
2.1046317905084  274.111985877977 
2.14630448690896  275.269887064133 
2.1897895988487  276.480357413266 
2.23525197292546  277.748345293146 
2.28288002191471  279.079527090955 
2.33289044248938  280.480456716413 
2.3855341759748  281.958755425278 
2.44110402712961  283.523355720914 
2.49994452715254  285.184818886428 
2.56246488413387  286.955754457437 
2.62915625863255  288.851383483917 
2.70061522261469  290.890308894711 
2.77757626375082  293.095591295144 
2.86095787268987  295.496287528918 
2.9519296508956  298.129712496858 
3.05201310945258  301.044872997266 
3.16323874456281  304.307883655365 
3.28840188751681  308.010911085901 
3.43150273115748  312.287804832913 
3.59855681582065  317.343438718447 
3.7992275112828  323.514186650727 
4.05054193956371  331.409638085107 
4.38701417618492  342.313992222323 
4.89783979995091  359.749565843513 
