198.226 0.00248756218905473 
198.869 0.00746268656716418 
199.012 0.0124378109452736 
200.848 0.0174129353233831 
201.15 0.0223880597014925 
201.939 0.027363184079602 
202.024 0.0323383084577114 
202.312 0.0373134328358209 
202.769 0.0422885572139304 
203.334 0.0472636815920398 
203.872 0.0522388059701493 
204.053 0.0572139303482587 
205.436 0.0621890547263682 
205.527 0.0671641791044776 
206.375 0.0721393034825871 
206.513 0.0771144278606965 
207.118 0.082089552238806 
207.561 0.0870646766169154 
208.325 0.0920398009950249 
208.497 0.0970149253731343 
208.934 0.101990049751244 
209.285 0.106965174129353 
209.707 0.111940298507463 
210.248 0.116915422885572 
210.517 0.121890547263682 
210.793 0.126865671641791 
212.977 0.131840796019901 
213.143 0.13681592039801 
214.744 0.141791044776119 
214.979 0.146766169154229 
215.111 0.151741293532338 
215.137 0.156716417910448 
215.638 0.161691542288557 
215.774 0.166666666666667 
216.629 0.171641791044776 
216.928 0.176616915422886 
217.874 0.181592039800995 
218.112 0.186567164179104 
218.286 0.191542288557214 
218.389 0.196517412935323 
218.454 0.201492537313433 
219.44 0.206467661691542 
220.687 0.211442786069652 
221.036 0.216417910447761 
222.076 0.221393034825871 
222.224 0.22636815920398 
223.024 0.23134328358209 
223.255 0.236318407960199 
223.275 0.241293532338308 
223.648 0.246268656716418 
223.877 0.251243781094527 
224.472 0.256218905472637 
224.48 0.261194029850746 
224.681 0.266169154228856 
224.704 0.271144278606965 
224.722 0.276119402985075 
224.85 0.281094527363184 
225.031 0.286069651741294 
225.074 0.291044776119403 
225.204 0.296019900497512 
225.249 0.300995024875622 
225.494 0.305970149253731 
225.639 0.310945273631841 
225.758 0.31592039800995 
225.945 0.32089552238806 
225.945 0.325870646766169 
226.122 0.330845771144279 
226.299 0.335820895522388 
226.361 0.340796019900498 
226.645 0.345771144278607 
226.949 0.350746268656716 
227.044 0.355721393034826 
227.066 0.360696517412935 
227.293 0.365671641791045 
227.531 0.370646766169154 
227.767 0.375621890547264 
227.988 0.380597014925373 
228.134 0.385572139303483 
228.316 0.390547263681592 
228.526 0.395522388059701 
229.094 0.400497512437811 
229.79 0.40547263681592 
229.801 0.41044776119403 
229.9 0.415422885572139 
229.985 0.420398009950249 
230.46 0.425373134328358 
230.583 0.430348258706468 
230.613 0.435323383084577 
230.801 0.440298507462687 
231.375 0.445273631840796 
231.452 0.450248756218905 
231.611 0.455223880597015 
231.839 0.460199004975124 
232.115 0.465174129353234 
232.354 0.470149253731343 
232.405 0.475124378109453 
232.636 0.480099502487562 
232.73 0.485074626865672 
232.834 0.490049751243781 
232.983 0.495024875621891 
233.137 0.5 
233.206 0.504975124378109 
233.649 0.509950248756219 
233.681 0.514925373134328 
233.834 0.519900497512438 
234.404 0.524875621890547 
234.571 0.529850746268657 
235.045 0.534825870646766 
235.534 0.539800995024876 
235.645 0.544776119402985 
236.685 0.549751243781095 
236.818 0.554726368159204 
237.563 0.559701492537313 
237.619 0.564676616915423 
237.729 0.569651741293532 
237.752 0.574626865671642 
238.295 0.579601990049751 
238.426 0.584577114427861 
239.97 0.58955223880597 
241.368 0.59452736318408 
241.797 0.599502487562189 
241.988 0.604477611940298 
242.651 0.609452736318408 
243.188 0.614427860696517 
243.272 0.619402985074627 
243.524 0.624378109452736 
243.688 0.629353233830846 
243.752 0.634328358208955 
244.075 0.639303482587065 
245.281 0.644278606965174 
245.651 0.649253731343284 
246.188 0.654228855721393 
246.262 0.659203980099503 
246.527 0.664179104477612 
246.709 0.669154228855721 
246.942 0.674129353233831 
247.316 0.67910447761194 
247.375 0.68407960199005 
247.393 0.689054726368159 
247.646 0.694029850746269 
248.417 0.699004975124378 
248.62 0.703980099502488 
248.658 0.708955223880597 
249.131 0.713930348258706 
249.526 0.718905472636816 
249.913 0.723880597014925 
250.128 0.728855721393035 
250.643 0.733830845771144 
250.659 0.738805970149254 
250.741 0.743781094527363 
251.242 0.748756218905473 
251.518 0.753731343283582 
251.887 0.758706467661692 
252.631 0.763681592039801 
252.694 0.76865671641791 
252.897 0.77363184079602 
253.203 0.778606965174129 
253.273 0.783582089552239 
253.342 0.788557213930348 
253.738 0.793532338308458 
253.949 0.798507462686567 
254.078 0.803482587064677 
254.093 0.808457711442786 
254.827 0.813432835820896 
255.013 0.818407960199005 
255.592 0.823383084577114 
255.862 0.828358208955224 
256.05 0.833333333333333 
257.056 0.838308457711443 
258.543 0.843283582089552 
258.9 0.848258706467662 
258.988 0.853233830845771 
259.22 0.858208955223881 
259.327 0.86318407960199 
260.866 0.868159203980099 
262.719 0.873134328358209 
263.899 0.878109452736318 
263.907 0.883084577114428 
266.037 0.888059701492537 
267.758 0.893034825870647 
268.544 0.898009950248756 
270.01 0.902985074626866 
271.073 0.907960199004975 
271.414 0.912935323383085 
274.414 0.917910447761194 
274.814 0.922885572139303 
274.951 0.927860696517413 
275.041 0.932835820895522 
278.743 0.937810945273632 
279.691 0.942786069651741 
280.442 0.947761194029851 
282.698 0.95273631840796 
284.999 0.95771144278607 
287.076 0.962686567164179 
287.796 0.967661691542289 
292.912 0.972636815920398 
296.296 0.977611940298508 
298.778 0.982587064676617 
313.418 0.987562189054726 
325.496 0.992537313432836 
