0.00249066131245192  216.68857897459 
0.00749067172915763  216.813878031028 
0.0125158079318306  216.93980673361 
0.0175663237178992  217.066371442436 
0.0226424767497598  217.193578614466 
0.0277445286336553  217.321434805489 
0.0328727450005748  217.449946672152 
0.0380273955892393  217.579120974043 
0.0432087543312368  217.708964575823 
0.048417099438375  217.839484449412 
0.0536527134923201  217.970687676237 
0.0589158835365947  218.102581449542 
0.0642069011710103  218.235173076747 
0.0695260626486102  218.368469981881 
0.0748736689752055  218.502479708078 
0.080250026011586  218.637209920136 
0.0856554445784939  218.772668407147 
0.0910902405644508  218.908863085202 
0.0965547350365295  219.045802000165 
0.10204925435417  219.183493330523 
0.10757413028614  219.321945390323 
0.113129700130742  219.461166632179 
0.118716306839382  219.60116565037 
0.124334299143605  219.741951184025 
0.129984031685724  219.883532120395 
0.135665865153155  220.02591749822 
0.141380166416594  220.16911651119 
0.147127308672162  220.313138511511 
0.152907671587661  220.457993013566 
0.158721641453081  220.60368969769 
0.164569611335504  220.750238414048 
0.170451981238571  220.897649186637 
0.176369158266659  221.045932217392 
0.182321556793955  221.195097890432 
0.188309598638577  221.345156776417 
0.194333713241958  221.496119637046 
0.200394337853649  221.647997429687 
0.206491917721768  221.800801312151 
0.212626906289284  221.954542647609 
0.218799765396364  222.109233009665 
0.225010965489005  222.264884187582 
0.231260985834177  222.421508191675 
0.23755031474174  222.579117258871 
0.243879449793388  222.737723858448 
0.250248898078868  222.897340697952 
0.256659176439787  223.05798072931 
0.263110811721276  223.219657155134 
0.269604341031824  223.382383435233 
0.27614031201161  223.546173293338 
0.282719283109652  223.711040724047 
0.289341823870145  223.877 
0.296008515228335  224.044065679295 
0.302719949816321  224.212252613148 
0.309476732279201  224.381575953822 
0.316279479601954  224.552051162809 
0.323128821447529  224.723694019314 
0.330025400506589  224.896520629007 
0.3369698728594  225.070547433104 
0.343962908350371  225.245791217743 
0.351005190975783  225.422269123707 
0.358097419285275  225.59999865648 
0.365240306797655  225.778997696673 
0.372434582431683  225.959284510815 
0.37968099095245  226.140877762538 
0.386980293434061  226.323796524176 
0.39433326773932  226.508060288785 
0.401740709017182  226.693688982605 
0.409203430218771  226.880702977995 
0.416722262632799  227.069123106851 
0.424298056441256  227.258970674528 
0.431931681296328  227.4502674743 
0.439624026919483  227.643035802374 
0.447376003723801  227.837298473481 
0.455188543460595  228.033078837085 
0.463062599891501  228.230400794223 
0.470999149487237  228.429288815016 
0.478999192154313  228.62976795688 
0.487063751991044  228.831863883471 
0.495193878074294  229.035602884405 
0.503390645278472  229.241011895773 
0.511655155128366  229.448118521523 
0.51998853668751  229.656951055714 
0.52839194748389  229.867538505718 
0.536866574474862  230.079910616402 
0.54541363505332  230.294097895337 
0.554034378097228  230.510131639105 
0.562730085064781  230.728043960739 
0.571502071137618  230.947867818374 
0.580351686414601  231.169637045163 
0.589280317158902  231.393386380526 
0.598289387101268  231.619151502813 
0.60738035880252  231.846969063447 
0.616554735078561  232.07687672263 
0.625814060491358  232.308913186715 
0.635159922909596  232.543118247307 
0.644593955142955  232.779532822225 
0.65411783665421  233.0181989984 
0.663733295353652  233.259160076848 
0.673442109480613  233.502460619819 
0.683246109577234  233.748146500257 
0.693147180559945  233.996264953714 
0.703147263894529  234.246864632855 
0.713248359881032  234.499995664717 
0.723452530055274  234.755709710891 
0.733761899714136  235.014060030805 
0.744178660572391  235.275101548303 
0.754705073559379  235.53889092173 
0.765343471764434  235.805486617742 
0.776096263540696  236.074948989088 
0.7869659357776  236.34734035662 
0.797955057353195  236.622725095801 
0.809066282778266  236.901169728033 
0.820302356045192  237.182743017103 
0.831666114695507  237.467516071119 
0.843160494121242  237.755562450298 
0.854788532116361  238.046958281025 
0.866553373695948  238.341782376619 
0.878458276202266  238.640116365294 
0.890506614718441  238.94204482582 
0.902701887812259  239.247655431461 
0.915047723634558  239.557039102805 
0.927547886398789  239.870290170133 
0.940206283270713  240.187506546077 
0.953026971699775  240.508789909345 
0.966014167226586  240.834245900367 
0.979172251804097  241.163984329829 
0.992505782673562  241.498119401098 
1.00601950184028  241.836769947686 
1.01971834619845  242.180059686971 
1.03360745835911  242.528117491548 
1.04769219824085  242.881077679684 
1.06197815548833  243.239080326527 
1.0764711627909  243.602271597869 
1.09117731018059  243.970804108445 
1.10610296039727  244.344837306981 
1.12125476541787  244.724537890419 
1.13663968425735  245.110080249996 
1.15226500216043  245.50164695219 
1.16813835131672  245.899429257834 
1.1842677332466  246.3036276831 
1.20066154302228  246.714452606476 
1.21732859550749  247.132124926323 
1.23427815382127  247.556876774173 
1.25151996025577  247.988952289519 
1.26906426990668  248.42860846259 
1.28692188730669  248.87611605237 
1.30510420638988  249.331760588104 
1.32362325415712  249.795843463535 
1.3424917384615  250.268683134401 
1.36172310038939  250.750616431087 
1.38133157177776  251.242 
1.40133223848443  251.743211889101 
1.42174111011564  252.254653295267 
1.44257519701848  252.776750493696 
1.46385259546577  253.309956972627 
1.48559258210217  253.854755800129 
1.50781571888688  254.411662253948 
1.53054396996444  254.981226750253 
1.5538008321287  255.564038113038 
1.57761148082242  256.160727232833 
1.60200293394658  256.771971171726 
1.627004236152  257.398497781671 
1.65264666676534  258.041090915058 
1.67896397508271  258.700596321116 
1.70599264747063  259.3779283394 
1.73377221157771  260.07407752326 
1.76234558402176  260.790119352801 
1.79175946922806  261.527224229667 
1.82206481872338  262.286668986844 
1.85331736222749  263.069850197683 
1.88557822444571  263.878299632573 
1.9189146447133  264.713702293056 
1.95340082078447  265.577917556978 
1.98911890338655  266.473004101773 
2.0261601750669  267.401249446086 
2.06462645589469  268.36520517632 
2.1046317905084  269.367729223639 
2.14630448690896  270.412036955637 
2.1897895988487  271.501763384398 
2.23525197292546  272.64103952595 
2.28288002191471  273.834586959053 
2.33289044248938  275.087836050126 
2.3855341759748  276.407075328323 
2.44110402712961  277.799642410354 
2.49994452715254  279.274171165054 
2.56246488413387  280.84091624858 
2.62915625863255  282.512186026206 
2.70061522261469  284.302930447679 
2.77757626375082  286.231555597069 
2.86095787268987  288.321078628754 
2.9519296508956  290.600809473636 
3.05201310945258  293.108876832931 
3.16323874456281  295.896164452273 
3.28840188751681  299.032722660351 
3.43150273115748  302.618795326079 
3.59855681582065  306.805130441007 
3.7992275112828  311.833889723632 
4.05054193956371  318.131768749589 
4.38701417618492  326.563681936304 
4.89783979995091  339.364848999585 
