250.643
259.22
226.645
227.531
208.497
245.651
247.393
243.272
279.691
235.645
253.738
237.563
213.143
258.988
238.295
274.414
214.744
287.796
257.056
233.834
228.316
227.293
229.094
228.526
239.97
230.801
246.262
248.417
251.887
223.877
198.869
225.494
217.874
243.688
246.942
296.296
198.226
223.024
203.334
214.979
216.928
201.15
271.073
255.862
222.224
237.752
218.286
268.544
263.907
218.454
271.414
225.204
236.685
199.012
248.658
231.375
250.741
236.818
249.913
258.9
258.543
230.613
247.375
298.778
251.518
255.013
229.9
202.024
243.188
202.312
287.076
202.769
225.249
225.639
223.255
229.801
233.206
259.327
237.729
209.707
210.517
208.934
247.316
229.985
234.404
224.681
228.134
253.949
252.897
204.053
292.912
266.037
249.526
220.687
215.137
226.122
209.285
234.571
263.899
232.405
230.46
207.561
235.045
250.128
244.075
284.999
229.79
241.797
221.036
275.041
226.361
215.638
231.452
238.426
206.375
255.592
230.583
219.44
254.827
253.203
231.839
224.704
248.62
246.527
225.945
205.436
224.48
278.743
227.066
245.281
233.681
208.325
223.648
205.527
224.472
256.05
218.112
254.093
325.496
232.834
224.722
232.983
227.767
232.115
246.709
282.698
252.694
215.111
233.137
223.275
243.752
253.273
226.299
280.442
235.534
242.651
225.945
243.524
262.719
231.611
233.649
313.418
200.848
274.951
226.949
267.758
250.659
251.242
241.368
232.354
212.977
210.248
252.631
215.774
218.389
222.076
225.758
274.814
232.636
260.866
207.118
210.793
225.074
216.629
249.131
227.988
241.988
227.044
253.342
254.078
206.513
203.872
246.188
225.031
224.85
247.646
232.73
270.01
201.939
237.619