0.00249066131245192 198.226 
0.00749067172915763 198.869 
0.0125158079318306 199.012 
0.0175663237178992 200.848 
0.0226424767497598 201.15 
0.0277445286336553 201.939 
0.0328727450005748 202.024 
0.0380273955892393 202.312 
0.0432087543312368 202.769 
0.048417099438375 203.334 
0.0536527134923201 203.872 
0.0589158835365947 204.053 
0.0642069011710103 205.436 
0.0695260626486102 205.527 
0.0748736689752055 206.375 
0.080250026011586 206.513 
0.0856554445784939 207.118 
0.0910902405644508 207.561 
0.0965547350365295 208.325 
0.10204925435417 208.497 
0.10757413028614 208.934 
0.113129700130742 209.285 
0.118716306839382 209.707 
0.124334299143605 210.248 
0.129984031685724 210.517 
0.135665865153155 210.793 
0.141380166416594 212.977 
0.147127308672162 213.143 
0.152907671587661 214.744 
0.158721641453081 214.979 
0.164569611335504 215.111 
0.170451981238571 215.137 
0.176369158266659 215.638 
0.182321556793955 215.774 
0.188309598638577 216.629 
0.194333713241958 216.928 
0.200394337853649 217.874 
0.206491917721768 218.112 
0.212626906289284 218.286 
0.218799765396364 218.389 
0.225010965489005 218.454 
0.231260985834177 219.44 
0.23755031474174 220.687 
0.243879449793388 221.036 
0.250248898078868 222.076 
0.256659176439787 222.224 
0.263110811721276 223.024 
0.269604341031824 223.255 
0.27614031201161 223.275 
0.282719283109652 223.648 
0.289341823870145 223.877 
0.296008515228335 224.472 
0.302719949816321 224.48 
0.309476732279201 224.681 
0.316279479601954 224.704 
0.323128821447529 224.722 
0.330025400506589 224.85 
0.3369698728594 225.031 
0.343962908350371 225.074 
0.351005190975783 225.204 
0.358097419285275 225.249 
0.365240306797655 225.494 
0.372434582431683 225.639 
0.37968099095245 225.758 
0.386980293434061 225.945 
0.39433326773932 225.945 
0.401740709017182 226.122 
0.409203430218771 226.299 
0.416722262632799 226.361 
0.424298056441256 226.645 
0.431931681296328 226.949 
0.439624026919483 227.044 
0.447376003723801 227.066 
0.455188543460595 227.293 
0.463062599891501 227.531 
0.470999149487237 227.767 
0.478999192154313 227.988 
0.487063751991044 228.134 
0.495193878074294 228.316 
0.503390645278472 228.526 
0.511655155128366 229.094 
0.51998853668751 229.79 
0.52839194748389 229.801 
0.536866574474862 229.9 
0.54541363505332 229.985 
0.554034378097228 230.46 
0.562730085064781 230.583 
0.571502071137618 230.613 
0.580351686414601 230.801 
0.589280317158902 231.375 
0.598289387101268 231.452 
0.60738035880252 231.611 
0.616554735078561 231.839 
0.625814060491358 232.115 
0.635159922909596 232.354 
0.644593955142955 232.405 
0.65411783665421 232.636 
0.663733295353652 232.73 
0.673442109480613 232.834 
0.683246109577234 232.983 
0.693147180559945 233.137 
0.703147263894529 233.206 
0.713248359881032 233.649 
0.723452530055274 233.681 
0.733761899714136 233.834 
0.744178660572391 234.404 
0.754705073559379 234.571 
0.765343471764434 235.045 
0.776096263540696 235.534 
0.7869659357776 235.645 
0.797955057353195 236.685 
0.809066282778266 236.818 
0.820302356045192 237.563 
0.831666114695507 237.619 
0.843160494121242 237.729 
0.854788532116361 237.752 
0.866553373695948 238.295 
0.878458276202266 238.426 
0.890506614718441 239.97 
0.902701887812259 241.368 
0.915047723634558 241.797 
0.927547886398789 241.988 
0.940206283270713 242.651 
0.953026971699775 243.188 
0.966014167226586 243.272 
0.979172251804097 243.524 
0.992505782673562 243.688 
1.00601950184028 243.752 
1.01971834619845 244.075 
1.03360745835911 245.281 
1.04769219824085 245.651 
1.06197815548833 246.188 
1.0764711627909 246.262 
1.09117731018059 246.527 
1.10610296039727 246.709 
1.12125476541787 246.942 
1.13663968425735 247.316 
1.15226500216043 247.375 
1.16813835131672 247.393 
1.1842677332466 247.646 
1.20066154302228 248.417 
1.21732859550749 248.62 
1.23427815382127 248.658 
1.25151996025577 249.131 
1.26906426990668 249.526 
1.28692188730669 249.913 
1.30510420638988 250.128 
1.32362325415712 250.643 
1.3424917384615 250.659 
1.36172310038939 250.741 
1.38133157177776 251.242 
1.40133223848443 251.518 
1.42174111011564 251.887 
1.44257519701848 252.631 
1.46385259546577 252.694 
1.48559258210217 252.897 
1.50781571888688 253.203 
1.53054396996444 253.273 
1.5538008321287 253.342 
1.57761148082242 253.738 
1.60200293394658 253.949 
1.627004236152 254.078 
1.65264666676534 254.093 
1.67896397508271 254.827 
1.70599264747063 255.013 
1.73377221157771 255.592 
1.76234558402176 255.862 
1.79175946922806 256.05 
1.82206481872338 257.056 
1.85331736222749 258.543 
1.88557822444571 258.9 
1.9189146447133 258.988 
1.95340082078447 259.22 
1.98911890338655 259.327 
2.0261601750669 260.866 
2.06462645589469 262.719 
2.1046317905084 263.899 
2.14630448690896 263.907 
2.1897895988487 266.037 
2.23525197292546 267.758 
2.28288002191471 268.544 
2.33289044248938 270.01 
2.3855341759748 271.073 
2.44110402712961 271.414 
2.49994452715254 274.414 
2.56246488413387 274.814 
2.62915625863255 274.951 
2.70061522261469 275.041 
2.77757626375082 278.743 
2.86095787268987 279.691 
2.9519296508956 280.442 
3.05201310945258 282.698 
3.16323874456281 284.999 
3.28840188751681 287.076 
3.43150273115748 287.796 
3.59855681582065 292.912 
3.7992275112828 296.296 
4.05054193956371 298.778 
4.38701417618492 313.418 
4.89783979995091 325.496 
