112.868
173.102
244.614
169.503
414.017
16.4849
12.219
109.892
319.155
101.114
2.70381
90.5504
46.49
23.0418
223.84
4.3784
16.0756
48.7772
87.6904
263.938
230.438
42.2564
42.9486
10.8815
155.089
229.333
81.1478
38.49
100.51
38.6736
86.1441
160.912
179.68
32.5348
222.167
94.6603
17.8648
25.0167
40.9692
43.5676
5.70798
359.304
116.33
208.466
23.1426
31.9864
29.2353
371.258
281.396
69.0291
489.18
7.84145
64.7519
112.028
105.705
42.4666
63.0028
218.24
130.262
20.1656
381.961
0.734198
34.8044
143.436
55.9875
122.105
42.3045
100.49
72.9067
601.072
3.20658
131.869
79.6358
98.6377
41.8397
25.9973
54.3889
87.4003
14.4437
19.0097
22.9817
97.1202
20.4047
181.051
104.662
87.1611
220.692
26.1849
186.014
132.078
6.42988
289.234
4.05216
35.3749
371.548
215.084
112.202
71.1239
156.412
119.785