1.50268 0.0440623279647909 
3.00536 0.0553786292282505 
4.50804 0.0665609691697208 
6.01072 0.0776109336108732 
7.5134 0.0885300896005707 
9.01608 0.0993199856370967 
10.51876 0.109982151887756 
12.02144 0.120518100405876 
13.52412 0.130929325345236 
15.0268 0.141217303171963 
16.52948 0.151383492873915 
18.03216 0.161429336167588 
19.53484 0.17135625770257 
21.03752 0.181165665263582 
22.5402 0.190858949970119 
24.04288 0.200437486473734 
25.54556 0.209902633152982 
27.04824 0.21925573230606 
28.55092 0.228498110341161 
30.0536 0.237631077964583 
31.55628 0.246655930366607 
33.05896 0.255573947405168 
34.56164 0.264386393787363 
36.06432 0.273094519248806 
37.567 0.281699558730855 
39.06968 0.290202732555746 
40.57236 0.298605246599658 
42.07504 0.306908292463715 
43.57772 0.31511304764298 
45.0804 0.323220675693441 
46.58308 0.331232326397015 
48.08576 0.339149135924609 
49.58844 0.346972226997245 
51.09112 0.354702709045276 
52.5938 0.362341678365725 
54.09648 0.369890218277749 
55.59916 0.377349399276277 
57.10184 0.384720279183816 
58.60452 0.392003903300469 
60.1072 0.399201304552176 
61.60988 0.406313503637192 
63.11256 0.413341509170843 
64.61524 0.420286317828562 
66.11792 0.427148914487227 
67.6206 0.43393027236484 
69.12328 0.440631353158534 
70.62596 0.447253107180964 
72.12864 0.453796473495072 
73.63132 0.460262380047258 
75.134 0.46665174379898 
76.63668 0.472965470856794 
78.13936 0.479204456600846 
79.64204 0.485369585811859 
81.14472 0.491461732796602 
82.6474 0.497481761511884 
84.15008 0.503430525687071 
85.65276 0.509308868945161 
87.15544 0.515117624922423 
88.65812 0.520857617386616 
90.1608 0.526529660353811 
91.66348 0.532134558203837 
93.16616 0.537673105794346 
94.66884 0.543146088573539 
96.17152 0.548554282691556 
97.6742 0.553898455110543 
99.17688 0.559179363713419 
100.67956 0.564397757411355 
102.18224 0.569554376249984 
103.68492 0.574649951514345 
105.1876 0.579685205832593 
106.69028 0.584660853278478 
108.19296 0.589577599472612 
109.69564 0.594436141682537 
111.19832 0.599237168921604 
112.701 0.60398136204669 
114.20368 0.608669393854751 
115.70636 0.613301929178234 
117.20904 0.617879624979365 
118.71172 0.622403130443307 
120.2144 0.626873087070234 
121.71708 0.631290128766298 
123.21976 0.63565488193353 
124.72244 0.639967965558672 
126.22512 0.644229991300957 
127.7278 0.648441563578855 
129.23048 0.652603279655786 
130.73316 0.656715729724819 
132.23584 0.660779496992376 
133.73852 0.664795157760932 
135.2412 0.668763281510749 
136.74388 0.672684430980634 
138.24656 0.676559162247745 
139.74924 0.680388024806449 
141.25192 0.684171561646251 
142.7546 0.687910309328795 
144.25728 0.691604798063962 
145.75996 0.695255551785053 
147.26264 0.698863088223098 
148.76532 0.702427918980275 
150.268 0.705950549602463 
151.77068 0.709431479650934 
153.27336 0.712871202773203 
154.77604 0.716270206773031 
156.27872 0.719628973679601 
157.7814 0.722947979815882 
159.28408 0.726227695866175 
160.78676 0.729468586942864 
162.28944 0.732671112652376 
163.79212 0.73583572716036 
165.2948 0.738962879256094 
166.79748 0.742053012416131 
168.30016 0.745106564867188 
169.80284 0.748123969648297 
171.30552 0.751105654672212 
172.8082 0.754052042786099 
174.31088 0.756963551831494 
175.81356 0.759840594703568 
177.31624 0.762683579409676 
178.81892 0.765492909127217 
180.3216 0.768268982260818 
181.82428 0.771012192498826 
183.32696 0.773722928869144 
184.82964 0.776401575794396 
186.33232 0.77904851314645 
187.835 0.781664116300284 
189.33768 0.784248756187223 
190.84036 0.786802799347541 
192.34304 0.789326607982441 
193.84572 0.791820540005426 
195.3484 0.794284949093047 
196.85108 0.796720184735068 
198.35376 0.799126592284026 
199.85644 0.801504513004204 
201.35912 0.803854284120034 
202.8618 0.806176238863912 
204.36448 0.808470706523465 
205.86716 0.81073801248824 
207.36984 0.812978478295853 
208.87252 0.815192421677589 
210.3752 0.81738015660346 
211.87788 0.819541993326728 
213.38056 0.821678238427907 
214.88324 0.82378919485824 
216.38592 0.825875161982661 
217.8886 0.827936435622249 
219.39128 0.829973308096182 
220.89396 0.831986068263188 
222.39664 0.833975001562515 
223.89932 0.835940390054407 
225.402 0.837882512460104 
226.90468 0.839801644201372 
228.40736 0.841698057439558 
229.91004 0.843572021114189 
231.41272 0.84542380098111 
232.9154 0.847253659650173 
234.41808 0.849061856622482 
235.92076 0.850848648327187 
237.42344 0.852614288157855 
238.92612 0.854359026508405 
240.4288 0.856083110808614 
241.93148 0.85778678555921 
243.43416 0.859470292366542 
244.93684 0.861133869976849 
246.43952 0.86277775431011 
247.9422 0.864402178493508 
249.44488 0.866007372894487 
250.94756 0.867593565153424 
252.45024 0.869160980215909 
253.95292 0.870709840364647 
255.4556 0.872240365250981 
256.95828 0.873752771926043 
258.46096 0.875247274871533 
259.96364 0.876724086030137 
261.46632 0.878183414835582 
262.969 0.87962546824234 
264.47168 0.881050450754973 
265.97436 0.882458564457139 
267.47704 0.883850009040248 
268.97972 0.88522498183178 
270.4824 0.886583677823272 
271.98508 0.88792628969797 
273.48776 0.889253007858152 
274.99044 0.890564020452133 
276.49312 0.891859513400945 
277.9958 0.893139670424704 
279.49848 0.894404673068666 
281.00116 0.895654700728967 
282.50384 0.896889930678074 
284.00652 0.898110538089914 
285.5092 0.899316696064723 
287.01188 0.900508575653595 
288.51456 0.901686345882733 
290.01724 0.902850173777426 
291.51992 0.904000224385733 
293.0226 0.905136660801888 
294.52528 0.906259644189433 
296.02796 0.907369333804068 
297.53064 0.908465887016242 
299.03332 0.909549459333465 
300.536 0.910620204422364 
302.03868 0.911678274130475 
303.54136 0.912723818507778 
305.04404 0.913756985827973 
306.54672 0.914777922609512 
308.0494 0.915786773636374 
309.55208 0.916783681978599 
311.05476 0.917768789012576 
312.55744 0.918742234441096 
314.06012 0.91970415631316 
315.5628 0.920654691043556 
317.06548 0.92159397343221 
318.56816 0.922522136683296 
320.07084 0.923439312424131 
321.57352 0.92434563072384 
323.0762 0.9252412201118 
324.57888 0.926126207595871 
326.08156 0.927000718680406 
327.58424 0.927864877384048 
329.08692 0.92871880625732 
330.5896 0.929562626400001 
332.09228 0.930396457478305 
333.59496 0.931220417741847 
335.09764 0.932034624040413 
336.60032 0.932839191840535 
338.103 0.933634235241861 
339.60568 0.934419866993337 
341.10836 0.935196198509199 
342.61104 0.935963339884772 
344.11372 0.936721399912082 
345.6164 0.937470486095285 
347.11908 0.938210704665913 
348.62176 0.93894216059794 
350.12444 0.939664957622665 
351.62712 0.940379198243428 
353.1298 0.941084983750144 
354.63248 0.941782414233667 
356.13516 0.942471588599983 
357.63784 0.943152604584242 
359.14052 0.94382555876461 
360.6432 0.944490546575973 
362.14588 0.945147662323466 
363.64856 0.94579699919585 
365.15124 0.946438649278723 
366.65392 0.947072703567586 
368.1566 0.947699251980742 
369.65928 0.94831838337205 
371.16196 0.948930185543523 
372.66464 0.949534745257786 
374.16732 0.950132148250372 
375.67 0.950722479241889 
377.17268 0.951305821950026 
378.67536 0.951882259101432 
380.17804 0.952451872443446 
381.68072 0.953014742755689 
383.1834 0.953570949861521 
384.68608 0.954120572639358 
386.18876 0.954663689033864 
387.69144 0.955200376066999 
389.19412 0.955730709848945 
390.6968 0.9562547655889 
392.19948 0.95677261760574 
393.70216 0.957284339338562 
395.20484 0.9577900033571 
396.70752 0.95828968137201 
398.2102 0.958783444245048 
399.71288 0.959271361999113 
401.21556 0.959753503828179 
402.71824 0.96022993810711 
404.22092 0.960700732401353 
405.7236 0.961165953476523 
407.22628 0.961625667307869 
408.72896 0.96207993908963 
410.23164 0.962528833244285 
411.73432 0.962972413431681 
413.237 0.963410742558071 
414.73968 0.963843882785025 
416.24236 0.964271895538252 
417.74504 0.96469484151631 
419.24772 0.965112780699212 
420.7504 0.965525772356933 
422.25308 0.965933875057817 
423.75576 0.96633714667688 
425.25844 0.966735644404018 
426.76112 0.967129424752121 
428.2638 0.967518543565083 
429.76648 0.967903056025724 
431.26916 0.968283016663614 
432.77184 0.968658479362807 
434.27452 0.969029497369483 
435.7772 0.9693961232995 
437.27988 0.969758409145851 
438.78256 0.970116406286045 
440.28524 0.970470165489385 
441.78792 0.970819736924174 
443.2906 0.971165170164827 
444.79328 0.9715065141989 
446.29596 0.971843817434042 
447.79864 0.972177127704854 
449.30132 0.972506492279676 
450.804 0.972831957867292 
452.30668 0.973153570623547 
453.80936 0.973471376157903 
455.31204 0.973785419539898 
456.81472 0.974095745305542 
458.3174 0.97440239746363 
459.82008 0.974705419501989 
461.32276 0.975004854393637 
462.82544 0.975300744602884 
464.32812 0.975593132091351 
465.8308 0.975882058323919 
467.33348 0.976167564274616 
468.83616 0.976449690432419 
470.33884 0.976728476807003 
471.84152 0.97700396293441 
473.3442 0.97727618788266 
474.84688 0.977545190257288 
476.34956 0.977811008206821 
477.85224 0.978073679428188 
479.35492 0.978333241172064 
480.8576 0.978589730248153 
482.36028 0.978843183030413 
483.86296 0.979093635462206 
485.36564 0.979341123061402 
486.86832 0.979585680925415 
488.371 0.979827343736176 
489.87368 0.980066145765056 
491.37636 0.980302120877727 
492.87904 0.980535302538958 
494.38172 0.980765723817369 
495.8844 0.980993417390114 
497.38708 0.981218415547519 
498.88976 0.981440750197661 
500.39244 0.981660452870891 
501.89512 0.981877554724306 
503.3978 0.98209208654617 
504.90048 0.982304078760278 
506.40316 0.982513561430269 
507.90584 0.982720564263894 
509.40852 0.982925116617225 
510.9112 0.983127247498819 
512.41388 0.983326985573835 
513.91656 0.983524359168093 
515.41924 0.983719396272098 
516.92192 0.983912124545002 
518.4246 0.984102571318535 
519.92728 0.984290763600874 
521.42996 0.984476728080475 
522.93264 0.984660491129861 
524.43532 0.984842078809358 
525.938 0.985021516870791 
527.44068 0.98519883076114 
528.94336 0.985374045626145 
530.44604 0.985547186313871 
531.94872 0.985718277378238 
533.4514 0.985887343082496 
534.95408 0.986054407402669 
536.45676 0.986219494030956 
537.95944 0.98638262637909 
539.46212 0.986543827581657 
540.9648 0.986703120499379 
542.46748 0.986860527722355 
543.97016 0.987016071573263 
545.47284 0.987169774110529 
546.97552 0.987321657131453 
548.4782 0.987471742175299 
549.98088 0.987620050526354 
551.48356 0.987766603216941 
552.98624 0.987911421030406 
554.48892 0.988054524504062 
555.9916 0.988195933932105 
557.49428 0.988335669368489 
558.99696 0.988473750629772 
560.49964 0.988610197297926 
562.00232 0.98874502872311 
563.505 0.988878264026422 
565.00768 0.989009922102604 
566.51036 0.989140021622723 
568.01304 0.989268581036822 
569.51572 0.989395618576532 
571.0184 0.989521152257661 
572.52108 0.989645199882747 
574.02376 0.989767779043583 
575.52644 0.989888907123713 
577.02912 0.990008601300894 
578.5318 0.990126878549537 
580.03448 0.99024375564311 
581.53716 0.990359249156518 
583.03984 0.990473375468455 
584.54252 0.990586150763724 
586.0452 0.990697591035536 
587.54788 0.990807712087773 
589.05056 0.990916529537235 
590.55324 0.991024058815849 
592.05592 0.991130315172863 
593.5586 0.991235313677004 
595.06128 0.991339069218618 
596.56396 0.991441596511778 
598.06664 0.991542910096377 
599.56932 0.991643024340183 
601.072 0.991741953440881 
