0.00985229644301159  -1.94508806551488 
0.0298529631496812  -1.70687500839687 
0.0502618347808883  -1.38306203749865 
0.0710959216837302  -1.01881167181435 
0.0923733201310152  -0.626856390211848 
0.114113306767421  -0.212742656159315 
0.136336443552131  0.22067222460281 
0.159064694629687  0.671809924527543 
0.182321556793955  1.13979847063171 
0.206132205487673  1.62420069735281 
0.230523658611832  2.12487154218963 
0.25552496081725  2.64187764169633 
0.281167391430587  3.17544998208621 
0.307484699747961  3.72595546835812 
0.33451337213588  4.29388006920433 
0.362292936242956  4.87981951268385 
0.390866308687012  5.48447524383352 
0.420280193893305  6.10865432159625 
0.450585543388634  6.75327250340426 
0.481838086892738  7.41936012601356 
0.51409894911096  8.10807063720928 
0.547435369378552  8.820691818443 
0.581921545449721  9.55865989552905 
0.6176396280518  10.323576884699 
0.654680899732149  11.117231681194 
0.693147180559945  11.9416255824473 
0.733152515173645  12.7990031643902 
0.774825211574212  13.6918897179237 
0.818310323513951  14.6231368303111 
0.863772697590709  15.5959782010536 
0.911400746579963  16.6140984682792 
0.961411167154625  17.6817187701665 
1.01405490064005  18.8037040973341 
1.06962475179486  19.9856993918599 
1.12846525181779  21.2343041070043 
1.19098560879912  22.5572990235847 
1.2576769832978  23.9639452864629 
1.32913594727994  25.4653851613523 
1.40609698841607  27.0751891448255 
1.48947859735512  28.8101187824975 
1.58045037556085  30.6912162989487 
1.68053383411783  32.7454053766415 
1.79175946922806  35.0079216789123 
1.91692261218206  37.5261509395642 
2.06002345582273  40.3659848810161 
2.2270775404859  43.6229840342515 
2.42774823594805  47.44350062116 
2.67906266422896  52.0687426908483 
3.01553490085017  57.9396379728281 
3.52636052461616  65.994162429822 
