0.00985229644301159  -1.25058774535191 
0.0298529631496812  -0.491875318094475 
0.0502618347808883  0.2015840117208 
0.0710959216837302  0.875800637249834 
0.0923733201310152  1.54440903906872 
0.114113306767421  2.21391651753244 
0.136336443552131  2.88820528127188 
0.159064694629687  3.5699484521105 
0.182321556793955  4.26118919161978 
0.206132205487673  4.96361952555343 
0.230523658611832  5.67873121322162 
0.25552496081725  6.40790533743922 
0.281167391430587  7.15247001791379 
0.307484699747961  7.91374057023796 
0.33451337213588  8.6930496745245 
0.362292936242956  9.49177184304765 
0.390866308687012  10.3113447929615 
0.420280193893305  11.1532894293082 
0.450585543388634  12.0192296537719 
0.481838086892738  12.910912955889 
0.51409894911096  13.8302326251345 
0.547435369378552  14.7792523986761 
0.581921545449721  15.760234409016 
0.6176396280518  16.775671411104 
0.654680899732149  17.8283244529122 
0.693147180559945  18.9212674189137 
0.733152515173645  20.0579402440038 
0.774825211574212  21.242213099887 
0.818310323513951  22.4784645473945 
0.863772697590709  23.7716776018385 
0.911400746579963  25.1275589868997 
0.961411167154625  26.5526887261192 
1.01405490064005  28.054709902034 
1.06962475179486  29.6425723123371 
1.12846525181779  31.3268495279083 
1.19098560879912  33.120157586676 
1.2576769832978  35.0377170515791 
1.32913594727994  37.0981215554629 
1.40609698841607  39.3244108551745 
1.48947859735512  41.7456052157014 
1.58045037556085  44.3989607443578 
1.68053383411783  47.3333928893074 
1.79175946922806  50.6148752838527 
1.91692261218206  54.3353543995453 
2.06002345582273  58.6283265766735 
2.2270775404859  63.6980735620651 
2.42774823594805  69.8799100570591 
2.67906266422896  77.7813383138622 
3.01553490085017  88.6817713276854 
3.52636052461616  106.089152209801 
