0.00249066131245192 138.773 
0.00749067172915763 142.314 
0.0125158079318306 146.43 
0.0175663237178992 151.037 
0.0226424767497598 151.643 
0.0277445286336553 153.086 
0.0328727450005748 154.664 
0.0380273955892393 155.989 
0.0432087543312368 157.276 
0.048417099438375 158.247 
0.0536527134923201 158.822 
0.0589158835365947 161.118 
0.0642069011710103 165.696 
0.0695260626486102 165.9 
0.0748736689752055 168.442 
0.080250026011586 168.947 
0.0856554445784939 170.386 
0.0910902405644508 176.38 
0.0965547350365295 178.114 
0.10204925435417 181.418 
0.10757413028614 190.117 
0.113129700130742 192.658 
0.118716306839382 192.721 
0.124334299143605 221.696 
0.129984031685724 323.903 
0.135665865153155 325.565 
0.141380166416594 329.728 
0.147127308672162 329.904 
0.152907671587661 339.492 
0.158721641453081 344.708 
0.164569611335504 353.994 
0.170451981238571 357.534 
0.176369158266659 357.867 
0.182321556793955 363.116 
0.188309598638577 366.609 
0.194333713241958 366.822 
0.200394337853649 486.378 
0.206491917721768 494.833 
0.212626906289284 498.022 
0.218799765396364 508.164 
0.225010965489005 522.942 
0.231260985834177 522.949 
0.23755031474174 534.403 
0.243879449793388 535.745 
0.250248898078868 540.663 
0.256659176439787 541.113 
0.263110811721276 556.097 
0.269604341031824 607.763 
0.27614031201161 610.198 
0.282719283109652 613.284 
0.289341823870145 617.624 
0.296008515228335 621.626 
0.302719949816321 621.858 
0.309476732279201 627.244 
0.316279479601954 629.151 
0.323128821447529 632.555 
0.330025400506589 633.224 
0.3369698728594 633.8 
0.343962908350371 635.287 
0.351005190975783 636.879 
0.358097419285275 640.104 
0.365240306797655 641.171 
0.372434582431683 641.734 
0.37968099095245 642.229 
0.386980293434061 643.325 
0.39433326773932 644.533 
0.401740709017182 646.451 
0.409203430218771 649.352 
0.416722262632799 649.392 
0.424298056441256 650.369 
0.431931681296328 652.051 
0.439624026919483 653.052 
0.447376003723801 653.385 
0.455188543460595 653.943 
0.463062599891501 653.997 
0.470999149487237 654.037 
0.478999192154313 657.178 
0.487063751991044 657.928 
0.495193878074294 658.809 
0.503390645278472 659.008 
0.511655155128366 660.491 
0.51998853668751 660.824 
0.52839194748389 661.809 
0.536866574474862 662.337 
0.54541363505332 662.795 
0.554034378097228 663.687 
0.562730085064781 664.056 
0.571502071137618 664.156 
0.580351686414601 665.48 
0.589280317158902 665.589 
0.598289387101268 666.959 
0.60738035880252 667.385 
0.616554735078561 667.599 
0.625814060491358 668.201 
0.635159922909596 668.392 
0.644593955142955 668.481 
0.65411783665421 668.699 
0.663733295353652 669.095 
0.673442109480613 670.329 
0.683246109577234 670.49 
0.693147180559945 671.427 
0.703147263894529 671.888 
0.713248359881032 673.376 
0.723452530055274 674.988 
0.733761899714136 675.575 
0.744178660572391 675.929 
0.754705073559379 676.621 
0.765343471764434 676.702 
0.776096263540696 678.522 
0.7869659357776 679.53 
0.797955057353195 679.881 
0.809066282778266 680.106 
0.820302356045192 681.222 
0.831666114695507 681.262 
0.843160494121242 682.507 
0.854788532116361 683.175 
0.866553373695948 683.243 
0.878458276202266 683.816 
0.890506614718441 683.937 
0.902701887812259 685.028 
0.915047723634558 685.502 
0.927547886398789 686.899 
0.940206283270713 687.265 
0.953026971699775 687.702 
0.966014167226586 688.289 
0.979172251804097 688.818 
0.992505782673562 689.612 
1.00601950184028 690.286 
1.01971834619845 690.869 
1.03360745835911 691.054 
1.04769219824085 691.078 
1.06197815548833 691.361 
1.0764711627909 691.876 
1.09117731018059 692.438 
1.10610296039727 692.53 
1.12125476541787 694.998 
1.13663968425735 695.753 
1.15226500216043 697.64 
1.16813835131672 699.607 
1.1842677332466 699.648 
1.20066154302228 700.78 
1.21732859550749 701.039 
1.23427815382127 701.442 
1.25151996025577 702.602 
1.26906426990668 703.524 
1.28692188730669 703.981 
1.30510420638988 705.388 
1.32362325415712 706.087 
1.3424917384615 706.225 
1.36172310038939 706.621 
1.38133157177776 707.014 
1.40133223848443 708.01 
1.42174111011564 709.674 
1.44257519701848 709.909 
1.46385259546577 710.984 
1.48559258210217 711.385 
1.50781571888688 711.56 
1.53054396996444 711.691 
1.5538008321287 712.622 
1.57761148082242 712.875 
1.60200293394658 714.662 
1.627004236152 714.94 
1.65264666676534 715.463 
1.67896397508271 715.757 
1.70599264747063 715.902 
1.73377221157771 717.07 
1.76234558402176 717.246 
1.79175946922806 717.373 
1.82206481872338 718.896 
1.85331736222749 719.096 
1.88557822444571 719.237 
1.9189146447133 720.827 
1.95340082078447 723.047 
1.98911890338655 723.379 
2.0261601750669 725.617 
2.06462645589469 726.532 
2.1046317905084 726.578 
2.14630448690896 727.421 
2.1897895988487 728.148 
2.23525197292546 728.75 
2.28288002191471 729.835 
2.33289044248938 731.762 
2.3855341759748 733.366 
2.44110402712961 735.022 
2.49994452715254 736.516 
2.56246488413387 737.454 
2.62915625863255 737.61 
2.70061522261469 737.889 
2.77757626375082 742.716 
2.86095787268987 743.381 
2.9519296508956 745.372 
3.05201310945258 747.056 
3.16323874456281 756.295 
3.28840188751681 756.742 
3.43150273115748 762.605 
3.59855681582065 764.721 
3.7992275112828 764.847 
4.05054193956371 765.332 
4.38701417618492 765.784 
4.89783979995091 766.555 
