168.442
353.994
710.984
711.691
363.116
190.117
766.555
717.246
323.903
709.909
729.835
733.366
719.237
742.716
357.534
726.532
155.989
712.622
764.721
325.565
192.721
176.38
165.9
694.998
657.178
745.372
662.795
720.827
610.198
659.008
762.605
649.392
178.114
607.763
706.087
670.329
657.928
329.904
165.696
641.734
142.314
653.052
650.369
723.047
541.113
629.151
679.53
707.014
665.48
652.051
679.881
613.284
756.742
153.086
158.247
714.662
660.824
534.403
633.224
688.818
736.516
498.022
703.524
660.491
640.104
685.502
728.148
715.902
653.943
691.361
691.876
522.949
683.816
668.481
712.875
617.624
161.118
676.702
664.056
678.522
765.332
662.337
635.287
681.222
690.869
711.56
357.867
691.054
683.937
671.888
668.201
676.621
192.658
181.418
653.997
709.674
708.01
661.809
535.745
728.75
711.385
726.578
692.438
644.533
731.762
737.61
665.589
714.94
717.373
151.037
221.696
540.663
667.599
666.959
494.833
699.648
675.575
658.809
344.708
690.286
683.243
627.244
170.386
642.229
151.643
669.095
673.376
486.378
671.427
706.225
664.156
737.889
653.385
168.947
654.037
646.451
668.699
705.388
663.687
632.555
701.442
718.896
715.757
723.379
702.602
366.822
686.899
706.621
674.988
681.262
522.942
688.289
649.352
703.981
725.617
737.454
735.022
701.039
508.164
157.276
727.421
691.078
675.929
154.664
621.858
683.175
765.784
764.847
743.381
682.507
700.78
717.07
670.49
366.609
685.028
329.728
158.822
689.612
643.325
747.056
719.096
138.773
692.53
641.171
633.8
668.392
695.753
621.626
715.463
699.607
697.64
687.702
667.385
756.295
687.265
636.879
339.492
146.43
556.097
680.106