0.00249066131245192  594.430774443633 
0.00749067172915763  595.052401340121 
0.0125158079318306  595.611074248857 
0.0175663237178992  596.145167148175 
0.0226424767497598  596.665830413679 
0.0277445286336553  597.178169602256 
0.0328727450005748  597.685033843994 
0.0380273955892393  598.188209056155 
0.0432087543312368  598.688905310768 
0.048417099438375  599.187990038424 
0.0536527134923201  599.686112401132 
0.0589158835365947  600.183775121624 
0.0642069011710103  600.681378586059 
0.0695260626486102  601.179249273002 
0.0748736689752055  601.677658820738 
0.080250026011586  602.176837244981 
0.0856554445784939  602.67698236115 
0.0910902405644508  603.178266663988 
0.0965547350365295  603.680842456307 
0.10204925435417  604.184845742917 
0.10757413028614  604.69039923525 
0.113129700130742  605.197614703501 
0.118716306839382  605.706594842063 
0.124334299143605  606.217434766528 
0.129984031685724  606.730223227982 
0.135665865153155  607.245043607797 
0.141380166416594  607.761974740057 
0.147127308672162  608.281091597308 
0.152907671587661  608.80246586691 
0.158721641453081  609.326166439098 
0.164569611335504  609.852259823229 
0.170451981238571  610.3808105052 
0.176369158266659  610.911881256364 
0.182321556793955  611.445533402205 
0.188309598638577  611.981827057463 
0.194333713241958  612.520821333116 
0.200394337853649  613.062574519672 
0.206491917721768  613.607144250422 
0.212626906289284  614.154587647685 
0.218799765396364  614.704961454558 
0.225010965489005  615.258322154294 
0.231260985834177  615.814726079077 
0.23755031474174  616.374229509709 
0.243879449793388  616.936888767471 
0.250248898078868  617.502760299278 
0.256659176439787  618.071900757034 
0.263110811721276  618.644367072022 
0.269604341031824  619.220216525022 
0.27614031201161  619.799506812759 
0.282719283109652  620.382296111231 
0.289341823870145  620.968643136373 
0.296008515228335  621.55860720248 
0.302719949816321  622.15224827875 
0.309476732279201  622.749627044288 
0.316279479601954  623.350804941847 
0.323128821447529  623.955844230595 
0.330025400506589  624.564808038129 
0.3369698728594  625.177760411974 
0.343962908350371  625.794766370756 
0.351005190975783  626.415891955248 
0.358097419285275  627.041204279463 
0.365240306797655  627.670771581949 
0.372434582431683  628.304663277456 
0.37968099095245  628.942950009115 
0.386980293434061  629.585703701269 
0.39433326773932  630.232997613107 
0.401740709017182  630.884906393217 
0.409203430218771  631.541506135203 
0.416722262632799  632.202874434496 
0.424298056441256  632.869090446473 
0.431931681296328  633.54023494603 
0.439624026919483  634.216390388737 
0.447376003723801  634.897640973688 
0.455188543460595  635.584072708207 
0.463062599891501  636.275773474518 
0.470999149487237  636.972833098539 
0.478999192154313  637.675343420934 
0.487063751991044  638.38339837057 
0.495193878074294  639.09709404054 
0.503390645278472  639.816528766898 
0.511655155128366  640.541803210282 
0.51998853668751  641.273020440605 
0.52839194748389  642.01028602497 
0.536866574474862  642.753708119027 
0.54541363505332  643.503397561958 
0.554034378097228  644.259467975294 
0.562730085064781  645.022035865802 
0.571502071137618  645.791220732663 
0.580351686414601  646.56714517919 
0.589280317158902  647.349935029352 
0.598289387101268  648.139719449377 
0.60738035880252  648.936631074722 
0.616554735078561  649.74080614274 
0.625814060491358  650.552384631344 
0.635159922909596  651.37151040406 
0.644593955142955  652.198331361798 
0.65411783665421  653.032999601784 
0.663733295353652  653.875671584046 
0.673442109480613  654.726508305924 
0.683246109577234  655.585675485079 
0.693147180559945  656.453343751539 
0.703147263894529  657.329688849302 
0.713248359881032  658.214891848128 
0.723452530055274  659.109139366123 
0.733761899714136  660.012623803817 
0.744178660572391  660.925543590464 
0.754705073559379  661.848103443332 
0.765343471764434  662.78051464086 
0.776096263540696  663.722995310554 
0.7869659357776  664.675770732621 
0.797955057353195  665.639073660395 
0.809066282778266  666.613144658672 
0.820302356045192  667.598232461198 
0.831666114695507  668.594594348623 
0.843160494121242  669.602496548354 
0.854788532116361  670.622214657858 
0.866553373695948  671.65403409308 
0.878458276202266  672.698250563811 
0.890506614718441  673.755170577961 
0.902701887812259  674.825111976888 
0.915047723634558  675.908404504114 
0.927547886398789  677.005390409946 
0.940206283270713  678.116425094787 
0.953026971699775  679.241877794126 
0.966014167226586  680.382132308509 
0.979172251804097  681.537587782076 
0.992505782673562  682.708659533602 
1.00601950184028  683.895779944343 
1.01971834619845  685.099399407423 
1.03360745835911  686.319987343936 
1.04769219824085  687.558033291487 
1.06197815548833  688.814048071442 
1.0764711627909  690.088565041824 
1.09117731018059  691.382141443494 
1.10610296039727  692.695359848084 
1.12125476541787  694.028829717042 
1.13663968425735  695.383189082164 
1.15226500216043  696.759106359163 
1.16813835131672  698.157282307083 
1.1842677332466  699.578452147869 
1.20066154302228  701.023387862028 
1.21732859550749  702.492900678229 
1.23427815382127  703.987843776815 
1.25151996025577  705.509115229641 
1.26906426990668  707.057661201439 
1.28692188730669  708.634479441108 
1.30510420638988  710.240623094961 
1.32362325415712  711.877204878207 
1.3424917384615  713.545401645746 
1.36172310038939  715.246459408999 
1.38133157177776  716.981698851964 
1.40133223848443  718.752521407231 
1.42174111011564  720.560415961503 
1.44257519701848  722.406966270413 
1.46385259546577  724.293859174487 
1.48559258210217  726.22289372227 
1.50781571888688  728.195991323326 
1.53054396996444  730.21520707365 
1.5538008321287  732.282742419513 
1.57761148082242  734.400959353848 
1.60200293394658  736.572396372893 
1.627004236152  738.799786461222 
1.65264666676534  741.086077422117 
1.67896397508271  743.434454929511 
1.70599264747063  745.848368749937 
1.73377221157771  748.331562671468 
1.76234558402176  750.888108785665 
1.79175946922806  753.522446903637 
1.82206481872338  756.239430055646 
1.85331736222749  759.044377234704 
1.88557822444571  761.943134810964 
1.9189146447133  764.94214838216 
1.95340082078447  768.048547258709 
1.98911890338655  771.270244341207 
2.0261601750669  774.616054875665 
2.06462645589469  778.095838527072 
2.1046317905084  781.720670478069 
2.14630448690896  785.503048955338 
2.1897895988487  789.457148882581 
2.23525197292546  793.599134505914 
2.28288002191471  797.947548206119 
2.33289044248938  802.523798862787 
2.3855341759748  807.352781928214 
2.44110402712961  812.463676151746 
2.49994452715254  817.890980824329 
2.56246488413387  823.675886020475 
2.62915625863255  829.868112538911 
2.70061522261469  836.52842836098 
2.77757626375082  843.732162831094 
2.86095787268987  851.574232494428 
2.9519296508956  860.176529511937 
3.05201310945258  869.699138579413 
3.16323874456281  880.358028501849 
3.28840188751681  892.454269028638 
3.43150273115748  906.425090590683 
3.59855681582065  922.939730204349 
3.7992275112828  943.096980621541 
4.05054193956371  968.888115418517 
4.38701417618492  1004.50807581778 
4.89783979995091  1061.46279630008 
