0.00249066131245192  594.142437585916 
0.00749067172915763  594.551737153065 
0.0125158079318306  594.963093510593 
0.0175663237178992  595.376527434292 
0.0226424767497598  595.79206001634 
0.0277445286336553  596.209712671757 
0.0328727450005748  596.629507145026 
0.0380273955892393  597.051465516892 
0.0432087543312368  597.475610211322 
0.048417099438375  597.901964002664 
0.0536527134923201  598.33055002298 
0.0589158835365947  598.76139176958 
0.0642069011710103  599.194513112749 
0.0695260626486102  599.629938303685 
0.0748736689752055  600.067691982646 
0.080250026011586  600.507799187318 
0.0856554445784939  600.950285361407 
0.0910902405644508  601.395176363466 
0.0965547350365295  601.842498475963 
0.10204925435417  602.292278414598 
0.10757413028614  602.744543337877 
0.113129700130742  603.199320856952 
0.118716306839382  603.656639045737 
0.124334299143605  604.116526451308 
0.129984031685724  604.579012104591 
0.135665865153155  605.044125531367 
0.141380166416594  605.511896763577 
0.147127308672162  605.982356350958 
0.152907671587661  606.45553537302 
0.158721641453081  606.931465451361 
0.164569611335504  607.410178762353 
0.170451981238571  607.89170805019 
0.176369158266659  608.376086640332 
0.182321556793955  608.863348453343 
0.188309598638577  609.353528019146 
0.194333713241958  609.846660491706 
0.200394337853649  610.34278166416 
0.206491917721768  610.841927984403 
0.212626906289284  611.34413657116 
0.218799765396364  611.849445230549 
0.225010965489005  612.357892473158 
0.231260985834177  612.869517531659 
0.23755031474174  613.38436037897 
0.243879449793388  613.902461747001 
0.250248898078868  614.423863145988 
0.256659176439787  614.948606884453 
0.263110811721276  615.476736089803 
0.269604341031824  616.0082947296 
0.27614031201161  616.543327633528 
0.282719283109652  617.081880516081 
0.289341823870145  617.624 
0.296008515228335  618.169733640495 
0.302719949816321  618.719129950277 
0.309476732279201  619.272238425438 
0.316279479601954  619.82910957221 
0.323128821447529  620.389794934641 
0.330025400506589  620.954347123222 
0.3369698728594  621.522819844515 
0.343962908350371  622.095267931812 
0.351005190975783  622.671747376873 
0.358097419285275  623.252315362791 
0.365240306797655  623.837030298032 
0.372434582431683  624.425951851698 
0.37968099095245  625.019140990069 
0.386980293434061  625.616660014476 
0.39433326773932  626.218572600566 
0.401740709017182  626.824943839029 
0.409203430218771  627.435840277836 
0.416722262632799  628.051329966066 
0.424298056441256  628.671482499398 
0.431931681296328  629.296369067337 
0.439624026919483  629.926062502254 
0.447376003723801  630.560637330329 
0.455188543460595  631.200169824485 
0.463062599891501  631.844738059404 
0.470999149487237  632.494421968729 
0.478999192154313  633.149303404548 
0.487063751991044  633.809466199287 
0.495193878074294  634.474996230109 
0.503390645278472  635.145981485955 
0.511655155128366  635.822512137363 
0.51998853668751  636.504680609181 
0.52839194748389  637.192581656355 
0.536866574474862  637.886312442907 
0.54541363505332  638.585972624308 
0.554034378097228  639.291664433385 
0.562730085064781  640.003492769978 
0.571502071137618  640.721565294517 
0.580351686414601  641.445992525748 
0.589280317158902  642.176887942818 
0.598289387101268  642.91436809196 
0.60738035880252  643.658552698026 
0.616554735078561  644.40956478114 
0.625814060491358  645.167530778748 
0.635159922909596  645.932580673371 
0.644593955142955  646.70484812639 
0.65411783665421  647.484470618197 
0.663733295353652  648.271589595083 
0.673442109480613  649.066350623263 
0.683246109577234  649.868903550446 
0.693147180559945  650.679402675406 
0.703147263894529  651.498006926033 
0.713248359881032  652.324880046375 
0.723452530055274  653.160190793223 
0.733761899714136  654.004113142834 
0.744178660572391  654.856826508416 
0.754705073559379  655.718515969064 
0.765343471764434  656.589372510869 
0.776096263540696  657.469593281002 
0.7869659357776  658.359381855591 
0.797955057353195  659.258948522334 
0.809066282778266  660.1685105788 
0.820302356045192  661.088292647501 
0.831666114695507  662.018527008856 
0.843160494121242  662.959453953304 
0.854788532116361  663.911322153876 
0.866553373695948  664.874389060698 
0.878458276202266  665.848921318971 
0.890506614718441  666.835195212132 
0.902701887812259  667.833497132041 
0.915047723634558  668.844124078191 
0.927547886398789  669.867384188129 
0.940206283270713  670.903597301438 
0.953026971699775  671.953095559888 
0.966014167226586  673.016224046548 
0.979172251804097  674.093341466961 
0.992505782673562  675.184820875724 
1.00601950184028  676.291050452172 
1.01971834619845  677.412434329193 
1.03360745835911  678.549393479607 
1.04769219824085  679.70236666497 
1.06197815548833  680.871811452157 
1.0764711627909  682.058205303618 
1.09117731018059  683.262046747811 
1.10610296039727  684.483856636984 
1.12125476541787  685.724179500259 
1.13663968425735  686.983585000811 
1.15226500216043  688.262669506899 
1.16813835131672  689.562057787604 
1.1842677332466  690.882404845326 
1.20066154302228  692.224397898517 
1.21732859550749  693.588758529656 
1.23427815382127  694.976245015286 
1.25151996025577  696.387654856939 
1.26906426990668  697.823827534109 
1.28692188730669  699.285647503065 
1.30510420638988  700.774047468322 
1.32362325415712  702.290011957077 
1.3424917384615  703.83458123092 
1.36172310038939  705.408855573722 
1.38133157177776  707.014 
1.40133223848443  708.651249434196 
1.42174111011564  710.32191441856 
1.44257519701848  712.027387415731 
1.46385259546577  713.769149781951 
1.48559258210217  715.548779498395 
1.50781571888688  717.367959761755 
1.53054396996444  719.228488551256 
1.5538008321287  721.132289308404 
1.57761148082242  723.081422888467 
1.60200293394658  725.078100969874 
1.627004236152  727.124701140274 
1.65264666676534  729.223783917304 
1.67896397508271  731.378112009667 
1.70599264747063  733.590672181945 
1.73377221157771  735.86470015729 
1.76234558402176  738.203709079002 
1.79175946922806  740.611522159325 
1.82206481872338  743.092310277142 
1.85331736222749  745.650635452983 
1.88557822444571  748.29150133951 
1.9189146447133  751.02041213142 
1.95340082078447  753.843441637795 
1.98911890338655  756.767314696051 
2.0261601750669  759.799503672048 
2.06462645589469  762.948343530467 
2.1046317905084  766.223169936091 
2.14630448690896  769.634486148889 
2.1897895988487  773.19416623173 
2.23525197292546  776.91570448473 
2.28288002191471  780.814524329245 
2.33289044248938  784.908364499205 
2.3855341759748  789.217766986984 
2.44110402712961  793.766700714839 
2.49994452715254  798.583368918115 
2.56246488413387  803.70126926587 
2.62915625863255  809.160608035175 
2.70061522261469  815.010220453793 
2.77757626375082  821.310231493586 
2.86095787268987  828.135828562921 
2.9519296508956  835.582754936902 
3.05201310945258  843.775561121714 
3.16323874456281  852.880463014386 
3.28840188751681  863.126285715649 
3.43150273115748  874.840483983124 
3.59855681582065  888.515488402033 
3.7992275112828  904.942339937713 
4.05054193956371  925.514874420821 
4.38701417618492  953.058405199568 
4.89783979995091  994.874459421631 
