0.00985229644301159  600.079911248439 
0.0298529631496812  600.08309752345 
0.0502618347808883  600.087428760327 
0.0710959216837302  600.09230087713 
0.0923733201310152  600.097543567579 
0.114113306767421  600.103082643642 
0.136336443552131  600.108879886753 
0.159064694629687  600.114914185617 
0.182321556793955  600.121173876955 
0.206132205487673  600.127653113354 
0.230523658611832  600.134349954498 
0.25552496081725  600.141265291699 
0.281167391430587  600.148402214568 
0.307484699747961  600.15576563073 
0.33451337213588  600.163362040372 
0.362292936242956  600.171199411798 
0.390866308687012  600.17928712735 
0.420280193893305  600.187635982036 
0.450585543388634  600.196258224786 
0.481838086892738  600.205167637112 
0.51409894911096  600.214379647228 
0.547435369378552  600.223911480159 
0.581921545449721  600.233782346483 
0.6176396280518  600.244013674345 
0.654680899732149  600.254629391538 
0.693147180559945  600.265656266886 
0.733152515173645  600.277124323246 
0.774825211574212  600.289067338243 
0.818310323513951  600.301523453956 
0.863772697590709  600.314535923496 
0.911400746579963  600.328154031611 
0.961411167154625  600.342434239131 
1.01405490064005  600.357441618888 
1.06962475179486  600.373251676138 
1.12846525181779  600.389952683427 
1.19098560879912  600.407648714426 
1.2576769832978  600.426463643765 
1.32913594727994  600.446546507453 
1.40609698841607  600.46807882087 
1.48947859735512  600.49128478203 
1.58045037556085  600.516445846178 
1.68053383411783  600.543922137387 
1.79175946922806  600.574184958595 
1.91692261218206  600.607868128878 
2.06002345582273  600.645852998533 
2.2270775404859  600.689417760012 
2.42774823594805  600.740519982028 
2.67906266422896  600.802385999815 
3.01553490085017  600.880913546368 
3.52636052461616  600.988648740725 
