0.00250313021811848  197.341738600336 
0.00752826642079152  197.527914241287 
0.0125787822068601  197.71503016724 
0.0176549352387207  197.903095924297 
0.0227569871226162  198.092121204676 
0.0278852034895357  198.282115849704 
0.0330398540782002  198.473089852899 
0.0382212128201977  198.665053363117 
0.043429557927336  198.858016687793 
0.048665171981281  199.051990296259 
0.0539283420255556  199.246984823155 
0.0592193596599712  199.443011071925 
0.0645385211375712  199.640080018413 
0.0698861274641664  199.838202814543 
0.0752624845005469  200.037390792114 
0.0806679030674548  200.237655466685 
0.0861026990534117  200.43900854157 
0.0915671935254905  200.641461911942 
0.0970617128431312  200.845027669053 
0.102586588775101  201.04971810456 
0.108142158619703  201.255545714988 
0.113728765328343  201.462523206298 
0.119346757632566  201.670663498603 
0.124996490174685  201.879979731001 
0.130678323642116  202.090485266555 
0.136392624905555  202.302193697412 
0.142139767161123  202.515118850067 
0.147920130076622  202.729274790786 
0.153734099942042  202.944675831177 
0.159582069824465  203.161336533935 
0.165464439727532  203.379271718743 
0.17138161675562  203.598496468361 
0.177334015282916  203.819026134885 
0.183322057127538  204.040876346203 
0.189346171730919  204.264063012636 
0.19540679634261  204.488602333788 
0.201504376210729  204.714510805601 
0.207639364778244  204.941805227627 
0.213812223885325  205.170502710523 
0.220023423977966  205.400620683784 
0.226273444323137  205.632176903713 
0.232562773230701  205.865189461641 
0.238891908282349  206.099676792408 
0.245261356567829  206.33565768312 
0.251671634928748  206.573151282176 
0.258123270210237  206.812177108595 
0.264616799520785  207.052755061643 
0.27115277050057  207.294905430772 
0.277731741598613  207.538648905889 
0.284354282359106  207.784006587966 
0.291020973717295  208.031 
0.297732408305282  208.279651098343 
0.304489190768162  208.529982284416 
0.311291938090915  208.782016416818 
0.318141279936489  209.035776823853 
0.32503785899555  209.291287316485 
0.331982331348361  209.548572201751 
0.338975366839331  209.807656296633 
0.346017649464744  210.068564942422 
0.353109877774236  210.331324019596 
0.360252765286616  210.595959963226 
0.367447040920643  210.862499778929 
0.374693449441411  211.130971059415 
0.381992751923022  211.401402001622 
0.389345726228281  211.673821424493 
0.396753167506143  211.9482587874 
0.404215888707733  212.224744209269 
0.41173472112176  212.503308488411 
0.419310514930217  212.783983123111 
0.426944139785288  213.066800333004 
0.434636485408444  213.35179308127 
0.442388462212762  213.638995097687 
0.450201001949556  213.928440902595 
0.458075058380462  214.220165831788 
0.466011607976198  214.514206062407 
0.474011650643274  214.810598639863 
0.482076210480005  215.109381505847 
0.490206336563255  215.410593527475 
0.498403103767434  215.714274527634 
0.506667613617327  216.020465316579 
0.515000995176471  216.329207724842 
0.523404405972851  216.640544637533 
0.531879032963823  216.954520030086 
0.540426093542281  217.271179005537 
0.549046836586188  217.59056783341 
0.557742543553742  217.912733990289 
0.566514529626579  218.237726202173 
0.575364144903562  218.565594488705 
0.584292775647863  218.896390209377 
0.593301845590229  219.230166111809 
0.602392817291481  219.566976382235 
0.611567193567522  219.906876698292 
0.620826518980319  220.249924284263 
0.630172381398557  220.596177968896 
0.639606413631915  220.945698245951 
0.649130295143171  221.298547337635 
0.658745753842613  221.654789261079 
0.668454567969574  222.014489898049 
0.678258568066195  222.377717068071 
0.688159639048906  222.744540605178 
0.698159722383489  223.115032438492 
0.708260818369993  223.489266676878 
0.718464988544235  223.867319697919 
0.728774358203096  224.249270241473 
0.739191119061352  224.635199508104 
0.74971753204834  225.025191262701 
0.760355930253395  225.419331943597 
0.771108722029657  225.817710777567 
0.781978394266561  226.220419901064 
0.792967515842156  226.62755448813 
0.804078741267227  227.039212885402 
0.815314814534153  227.455496754709 
0.826678573184468  227.876511223772 
0.838172952610203  228.302365045561 
0.849800990605322  228.733170766925 
0.861565832184909  229.169044907133 
0.873470734691227  229.61010814705 
0.885519073207401  230.056485529707 
0.89771434630122  230.508306673104 
0.910060182123519  230.965705996145 
0.922560344887751  231.428822958704 
0.935218741759674  231.897802316873 
0.948039430188735  232.372794394589 
0.961026625715547  232.853955372888 
0.974184710293058  233.341447598194 
0.987518241162523  233.835439911167 
1.00103196032925  234.336107997767 
1.01473080468741  234.843634764368 
1.02861991684807  235.358210738921 
1.04270465672981  235.880034500378 
1.05699061397729  236.409313138783 
1.07148362127986  236.946262748712 
1.08618976866955  237.491108958998 
1.10111541888623  238.044087501992 
1.11626722390683  238.605444825954 
1.13165214274631  239.175438754556 
1.14727746064939  239.754339197916 
1.16315080980568  240.342428920069 
1.17928019173556  240.940004368341 
1.19567400151124  241.547376570709 
1.21234105399645  242.164872107955 
1.22929061231023  242.792834168212 
1.24653241874473  243.431623692443 
1.26407672839564  244.081620620399 
1.28193434579565  244.74322524786 
1.30011666487884  245.416859707258 
1.31863571264608  246.102969585441 
1.33750419695046  246.802025694065 
1.35673555887835  247.514526010252 
1.37634403026672  248.240997807545 
1.39634469697339  248.982 
1.4167535686046  249.738125725509 
1.43758765550744  250.510005198289 
1.45886505395473  251.298308864882 
1.48060504059113  252.103750903279 
1.50282817737584  252.927093110926 
1.5255564284534  253.769149234661 
1.54881329061767  254.630789804252 
1.57262393931138  255.51294754152 
1.59701539243554  256.416623429291 
1.62201669464096  257.342893539189 
1.6476591252543  258.292916735067 
1.67397643357167  259.267943390362 
1.70100510595959  260.269325283892 
1.72878467006667  261.298526870552 
1.75735804251072  262.357138162735 
1.78677192771702  263.446889506834 
1.81707727721234  264.569668599576 
1.84832982071645  265.727540164357 
1.88059068293467  266.922768802721 
1.91392710320226  268.157845656366 
1.94841327927343  269.435519668582 
1.98413136187551  270.758834431364 
2.02117263355586  272.13117186036 
2.05963891438366  273.556304274545 
2.09964424899735  275.038456899424 
2.14131694539792  276.582383402035 
2.18480205733766  278.193457860655 
2.23026443141442  279.877787656212 
2.27789248040367  281.642353269998 
2.32790290097834  283.495183069869 
2.38054663446376  285.445574149516 
2.43611648561857  287.504374595721 
2.4949569856415  289.684348901657 
2.55747734262284  292.000657766539 
2.62416871712151  294.471498136317 
2.69562768110365  297.118972330947 
2.77258872223978  299.970292292018 
2.85597033117883  303.059487064392 
2.94694210938456  306.429889066014 
3.04702556794154  310.137868570239 
3.15825120305177  314.258653176201 
3.28341434600577  318.895806762311 
3.42651518964645  324.197531971525 
3.59356927430961  330.386697803313 
3.79423996977176  337.821321232604 
4.04555439805267  347.132237967671 
4.38202663467388  359.598155663968 
4.89285225843988  378.523670134261 
