240.667
217.941
223.284
240.95
235.177
216.627
243.383
258.51
227.807
233.229
211.855
239.649
209.504
237.461
212.502
238.971
197.854
240.833
249.375
264.077
229.96
209.83
208.031
217.045
195.843
230.323
195.019
235.677
232.865
225.353
225.037
204.257
224.707
205.2
228.976
205.26
218.813
201.967
230.973
205.505
250.494
230.785
220.07
252.849
224.521
272.654
207.397
202.686
726.322
201.309
220.23
205.811
225.422
204.548
475.1
463.608
313.433
197.228
201.823
220.168
229.816
253.501
225.159
222.237
224.901
228.034
227.56
258.646
203.091
220.34
245.416
521.706
235.248
218.164
209.419
211.193
210.888
209.333
232.345
198.877
196.241
202.565
241.697
227.679
203.72
196.479
201.258
225.601
221.896
205.958
227.498
201.692
250.724
207.443
206.233
227.805
222.018
240.238
198.193
246.133
221.396
201.692
194.329
215.642
176.761
217.26
271.589
231.282
218.068
207.967
259.263
229.824
226.455
255.751
256.371
719.079
214.597
304.461
218.825
272.169
215.495
230.934
198.175
203.377
230.605
263.987
272.139
203.608
228.013
253.252
203.199
208.622
242.926
198.468
221.901
265.895
296.509
185.19
255.549
492.653
252.77
193.039
679.27
218.708
207.895
266.419
219.469
195.888
260.163
226.184
274.184
209.732
254.185
236.394
250.176
184.936
197.741
187.624
201.875
234.936
257.321
198.851
502.39
244.489
222.421
203.813
204.035
215.761
746.388
198.015
233.007
253.009
228.853
234.094
224.987
508.986
296.245
328.233
426.408
202.965
227.319
235.089
229.153
232.49
227.581
209.489
231.016
204.618
254.048
234.385
536.395
230.1
218.7
378.407
248.982
398.136
209.292
253.811
225.637