0.00250313021811848  197.210587005976 
0.00752826642079152  197.30018154068 
0.0125787822068601  197.420285146765 
0.0176549352387207  197.553462642102 
0.0227569871226162  197.694661689568 
0.0278852034895357  197.841579687285 
0.0330398540782002  197.992940645829 
0.0382212128201977  198.147952470886 
0.043429557927336  198.30608529569 
0.048665171981281  198.466965417883 
0.0539283420255556  198.630318737165 
0.0592193596599712  198.795938091913 
0.0645385211375712  198.963663207046 
0.0698861274641664  199.133367771012 
0.0752624845005469  199.304950770974 
0.0806679030674548  199.478330488759 
0.0861026990534117  199.653440223305 
0.0915671935254905  199.830225169784 
0.0970617128431312  200.008640095287 
0.102586588775101  200.188647576373 
0.108142158619703  200.370216641314 
0.113728765328343  200.553321709367 
0.119346757632566  200.737941751646 
0.124996490174685  200.924059619834 
0.130678323642116  201.111661503744 
0.136392624905555  201.300736488989 
0.142139767161123  201.491276193345 
0.147920130076622  201.683274465562 
0.153734099942042  201.876727134251 
0.159582069824465  202.071631797245 
0.165464439727532  202.267987643946 
0.17138161675562  202.465795304784 
0.177334015282916  202.665056723081 
0.183322057127538  202.865775045588 
0.189346171730919  203.067954528668 
0.19540679634261  203.271600457664 
0.201504376210729  203.476719077461 
0.207639364778244  203.683317532583 
0.213812223885325  203.891403815465 
0.220023423977966  204.100986721778 
0.226273444323137  204.312075811854 
0.232562773230701  204.524681377423 
0.238891908282349  204.738814412999 
0.245261356567829  204.95448659135 
0.251671634928748  205.171710242576 
0.258123270210237  205.390498336388 
0.264616799520785  205.610864467246 
0.27115277050057  205.832822842058 
0.277731741598613  206.05638827018 
0.284354282359106  206.281576155517 
0.291020973717295  206.508402490516 
0.297732408305282  206.736883851909 
0.304489190768162  206.967037398055 
0.311291938090915  207.198880867768 
0.318141279936489  207.432432580531 
0.32503785899555  207.667711437999 
0.331982331348361  207.904736926727 
0.338975366839331  208.14352912205 
0.346017649464744  208.384108693074 
0.353109877774236  208.626496908713 
0.360252765286616  208.870715644752 
0.367447040920643  209.116787391908 
0.374693449441411  209.364735264838 
0.381992751923022  209.614583012117 
0.389345726228281  209.866355027134 
0.396753167506143  210.120076359927 
0.404215888707733  210.375772729931 
0.41173472112176  210.633470539659 
0.419310514930217  210.89319688931 
0.426944139785288  211.154979592308 
0.434636485408444  211.418847191799 
0.442388462212762  211.684828978105 
0.450201001949556  211.952955007169 
0.458075058380462  212.223256119996 
0.466011607976198  212.495763963137 
0.474011650643274  212.770511010224 
0.482076210480005  213.047530584601 
0.490206336563255  213.326856883085 
0.498403103767434  213.608525000892 
0.506667613617327  213.892570957773 
0.515000995176471  214.179031725409 
0.523404405972851  214.46794525611 
0.531879032963823  214.759350512876 
0.540426093542281  215.053287500875 
0.549046836586188  215.349797300407 
0.557742543553742  215.648922101409 
0.566514529626579  215.950705239591 
0.575364144903562  216.255191234257 
0.584292775647863  216.562425827914 
0.593301845590229  216.872456027746 
0.602392817291481  217.18533014905 
0.611567193567522  217.501097860731 
0.620826518980319  217.819810232971 
0.630172381398557  218.141519787178 
0.639606413631915  218.466280548343 
0.649130295143171  218.794148099934 
0.658745753842613  219.125179641471 
0.668454567969574  219.459434048917 
0.678258568066195  219.796971938074 
0.688159639048906  220.137855731122 
0.698159722383489  220.482149726506 
0.708260818369993  220.829920172364 
0.718464988544235  221.181235343704 
0.728774358203096  221.536165623551 
0.739191119061352  221.894783588317 
0.74971753204834  222.257164097646 
0.760355930253395  222.62338438902 
0.771108722029657  222.993524177416 
0.781978394266561  223.367665760349 
0.792967515842156  223.745894128641 
0.804078741267227  224.128297083291 
0.815314814534153  224.514965358855 
0.826678573184468  224.905992753767 
0.838172952610203  225.30147626807 
0.849800990605322  225.701516249069 
0.861565832184909  226.106216545454 
0.873470734691227  226.515684670486 
0.885519073207401  226.930031974894 
0.89771434630122  227.349373830177 
0.910060182123519  227.773829823075 
0.922560344887751  228.203523962023 
0.935218741759674  228.638584896501 
0.948039430188735  229.079146150232 
0.961026625715547  229.525346369308 
0.974184710293058  229.977329586405 
0.987518241162523  230.43524550233 
1.00103196032925  230.899249786316 
1.01473080468741  231.369504396549 
1.02861991684807  231.846177922609 
1.04270465672981  232.329445951634 
1.05699061397729  232.81949146021 
1.07148362127986  233.316505234188 
1.08618976866955  233.820686318855 
1.10111541888623  234.332242502116 
1.11626722390683  234.851390833661 
1.13165214274631  235.378358183361 
1.14727746064939  235.913381842522 
1.16315080980568  236.456710172 
1.17928019173556  237.008603301635 
1.19567400151124  237.569333885966 
1.21234105399645  238.13918792175 
1.22929061231023  238.718465633466 
1.24653241874473  239.307482433695 
1.26407672839564  239.906569966133 
1.28193434579565  240.51607723991 
1.30011666487884  241.136371864996 
1.31863571264608  241.767841399724 
1.33750419695046  242.410894822858 
1.35673555887835  243.065964144319 
1.37634403026672  243.733506170558 
1.39634469697339  244.414004442755 
1.4167535686046  245.107971368604 
1.43758765550744  245.815950571366 
1.45886505395473  246.538519483379 
1.48060504059113  247.276292215235 
1.50282817737584  248.029922736595 
1.5255564284534  248.80010841025 
1.54881329061767  249.58759392762 
1.57262393931138  250.393175701797 
1.59701539243554  251.217706783573 
1.62201669464096  252.062102377113 
1.6476591252543  252.927346045408 
1.67397643357167  253.814496711839 
1.70100510595959  254.724696583867 
1.72878467006667  255.659180148793 
1.75735804251072  256.6192844208 
1.78677192771702  257.606460654525 
1.81707727721234  258.622287784892 
1.84832982071645  259.668487908399 
1.88059068293467  260.746944190324 
1.91392710320226  261.859721669732 
1.94841327927343  263.009091544974 
1.98413136187551  264.197559664048 
2.02117263355586  265.427900126725 
2.05963891438366  266.703195142397 
2.09964424899735  268.026882598466 
2.14131694539792  269.402813205399 
2.18480205733766  270.835319634662 
2.23026443141442  272.329300809603 
2.27789248040367  273.890325527343 
2.32790290097834  275.524761001259 
2.38054663446376  277.23993389879 
2.43611648561857  279.044334284636 
2.4949569856415  280.947876998536 
2.55747734262284  282.962241093814 
2.62416871712151  285.101317176219 
2.69562768110365  287.381806729585 
2.77258872223978  289.824040121514 
2.85597033117883  292.453116913746 
2.94694210938456  295.300534466474 
3.04702556794154  298.406580219648 
3.15825120305177  301.823963577647 
3.28341434600577  305.623550528368 
3.42651518964645  309.903859422584 
3.59356927430961  314.807737150463 
3.79423996977176  320.553913409597 
4.04555439805267  327.502826552961 
4.38202663467388  336.31329904643 
4.89285225843988  348.387042753959 
