0.00250313021811848  592.272015764961 
0.00752826642079152  592.59322114174 
0.0125787822068601  592.916048774776 
0.0176549352387207  593.240515133781 
0.0227569871226162  593.566636940557 
0.0278852034895357  593.894431174167 
0.0330398540782002  594.223915076238 
0.0382212128201977  594.555106156406 
0.043429557927336  594.888022197894 
0.048665171981281  595.222681263249 
0.0539283420255556  595.559101700216 
0.0592193596599712  595.897302147779 
0.0645385211375712  596.237301542353 
0.0698861274641664  596.57911912415 
0.0752624845005469  596.922774443711 
0.0806679030674548  597.268287368616 
0.0861026990534117  597.615678090376 
0.0915671935254905  597.964967131512 
0.0970617128431312  598.316175352834 
0.102586588775101  598.669323960914 
0.108142158619703  599.02443451577 
0.113728765328343  599.381528938765 
0.119346757632566  599.740629520727 
0.124996490174685  600.1017589303 
0.130678323642116  600.464940222526 
0.136392624905555  600.830196847685 
0.142139767161123  601.197552660373 
0.147920130076622  601.567031928857 
0.153734099942042  601.938659344689 
0.159582069824465  602.312460032614 
0.165464439727532  602.688459560759 
0.17138161675562  603.066683951127 
0.177334015282916  603.447159690408 
0.183322057127538  603.829913741104 
0.189346171730919  604.214973552997 
0.19540679634261  604.602367074963 
0.201504376210729  604.992122767145 
0.207639364778244  605.384269613496 
0.213812223885325  605.778837134718 
0.220023423977966  606.175855401595 
0.226273444323137  606.575355048745 
0.232562773230701  606.977367288805 
0.238891908282349  607.381923927064 
0.245261356567829  607.789057376566 
0.251671634928748  608.19880067369 
0.258123270210237  608.611187494236 
0.264616799520785  609.026252170037 
0.27115277050057  609.444029706109 
0.277731741598613  609.864555798365 
0.284354282359106  610.28786685192 
0.291020973717295  610.714 
0.297732408305282  611.142993123493 
0.304489190768162  611.574884871153 
0.311291938090915  612.009714680497 
0.318141279936489  612.447522799415 
0.32503785899555  612.888350308523 
0.331982331348361  613.332239144298 
0.338975366839331  613.779232123018 
0.346017649464744  614.229372965544 
0.353109877774236  614.682706322984 
0.360252765286616  615.139277803273 
0.367447040920643  615.599133998703 
0.374693449441411  616.062322514463 
0.381992751923022  616.528891998208 
0.389345726228281  616.998892170723 
0.396753167506143  617.472373857718 
0.404215888707733  617.949389022815 
0.41173472112176  618.429990801768 
0.419310514930217  618.914233537985 
0.426944139785288  619.402172819404 
0.434636485408444  619.893865516785 
0.442388462212762  620.389369823492 
0.450201001949556  620.888745296822 
0.458075058380462  621.392052900967 
0.466011607976198  621.899355051676 
0.474011650643274  622.41071566271 
0.482076210480005  622.926200194161 
0.490206336563255  623.445875702746 
0.498403103767434  623.969810894152 
0.506667613617327  624.498076177552 
0.515000995176471  625.030743722388 
0.523404405972851  625.567887517544 
0.531879032963823  626.10958343302 
0.540426093542281  626.655909284247 
0.549046836586188  627.206944899174 
0.557742543553742  627.762772188271 
0.566514529626579  628.323475217599 
0.575364144903562  628.889140285121 
0.584292775647863  629.459856000412 
0.593301845590229  630.035713367965 
0.602392817291481  630.616805874281 
0.611567193567522  631.203229578954 
0.620826518980319  631.795083209977 
0.630172381398557  632.392468263496 
0.639606413631915  632.995489108274 
0.649130295143171  633.604253095128 
0.658745753842613  634.218870671625 
0.668454567969574  634.839455502355 
0.678258568066195  635.466124595085 
0.688159639048906  636.098998433177 
0.698159722383489  636.738201114608 
0.708260818369993  637.383860498029 
0.718464988544235  638.036108356265 
0.728774358203096  638.695080537729 
0.739191119061352  639.36091713625 
0.74971753204834  640.033762669833 
0.760355930253395  640.713766268932 
0.771108722029657  641.401081874842 
0.781978394266561  642.095868448878 
0.792967515842156  642.798290193045 
0.804078741267227  643.508516782971 
0.815314814534153  644.226723613922 
0.826678573184468  644.953092060803 
0.838172952610203  645.687809753095 
0.849800990605322  646.431070865786 
0.861565832184909  647.183076427408 
0.873470734691227  647.944034646416 
0.885519073207401  648.714161257231 
0.89771434630122  649.493679887381 
0.910060182123519  650.282822447307 
0.922560344887751  651.081829544537 
0.935218741759674  651.890950924073 
0.948039430188735  652.710445937011 
0.961026625715547  653.540584039591 
0.974184710293058  654.381645325086 
0.987518241162523  655.233921091152 
1.00103196032925  656.097714445514 
1.01473080468741  656.973340953142 
1.02861991684807  657.861129328375 
1.04270465672981  658.761422175789 
1.05699061397729  659.674576783993 
1.07148362127986  660.600965976948 
1.08618976866955  661.54097902789 
1.10111541888623  662.495022641468 
1.11626722390683  663.463522010288 
1.13165214274631  664.446921952745 
1.14727746064939  665.445688139756 
1.16315080980568  666.46030841886 
1.17928019173556  667.491294245123 
1.19567400151124  668.539182229341 
1.21234105399645  669.604535815272 
1.22929061231023  670.687947099033 
1.24653241874473  671.790038805364 
1.26407672839564  672.911466437266 
1.28193434579565  674.052920617611 
1.30011666487884  675.215129643652 
1.31863571264608  676.398862278102 
1.33750419695046  677.604930803571 
1.35673555887835  678.834194370743 
1.37634403026672  680.087562674872 
1.39634469697339  681.366 
1.4167535686046  682.670529675922 
1.43758765550744  684.002238999525 
1.45886505395473  685.362284679779 
1.48060504059113  686.751898874715 
1.50282817737584  688.172395899322 
1.5255564284534  689.625179695911 
1.54881329061767  691.111752173329 
1.57262393931138  692.633722539217 
1.59701539243554  694.192817770659 
1.62201669464096  695.790894394052 
1.6476591252543  697.429951775681 
1.67397643357167  699.112147161628 
1.70100510595959  700.839812750788 
1.72878467006667  702.615475140003 
1.75735804251072  704.441877548132 
1.78677192771702  706.322005309684 
1.81707727721234  708.259115232772 
1.84832982071645  710.25676954634 
1.88059068293467  712.318875325385 
1.91392710320226  714.449730490429 
1.94841327927343  716.654077742293 
1.98413136187551  718.937168133738 
2.02117263355586  721.304836421044 
2.05963891438366  723.763590916098 
2.09964424899735  726.320721322021 
2.14131694539792  728.984429052296 
2.18480205733766  731.763985904397 
2.23026443141442  734.669928829253 
2.27789248040367  737.71430112163 
2.32790290097834  740.91095397554 
2.38054663446376  744.275927494118 
2.43611648561857  747.827937680078 
2.4949569856415  751.589006876507 
2.55747734262284  755.585291556287 
2.62416871712151  759.848186572418 
2.69562768110365  764.415824647166 
2.77258872223978  769.335154038135 
2.85597033117883  774.664884424639 
2.94694210938456  780.479776422847 
3.04702556794154  786.8770846188 
3.15825120305177  793.986597792605 
3.28341434600577  801.986992780904 
3.42651518964645  811.133960852047 
3.59356927430961  821.812013753014 
3.79423996977176  834.638831523673 
4.04555439805267  850.702783299354 
4.38202663467388  872.209999657411 
4.89285225843988  904.86183840018 
