679.694
640.973
672.37
689.577
176.97
773.338
697.549
677.017
716.271
731.584
680.582
687.281
610.217
736.84
708.293
722.1
685.557
756.85
686.055
146.267
613.732
638.129
508.449
668.498
684.32
630.743
655.931
368.577
681.366
628.648
463.102
678.909
680.373
643.187
630.608
658.53
672.81
658.976
685.18
633.508
602.745
672.708
673.443
466.012
658.906
620.108
342.206
664.768
632.302
690.943
636.471
618.015
149.252
139.02
610.105
715.339
670.114
714.372
745.769
617.495
631.679
643.456
678.721
669.286
624.933
158.198
756.371
723.148
608.273
606.615
155.452
711.341
699.005
701.608
673.062
140.108
694.19
687.59
631.362
695.453
685.725
684.68
707.695
575.159
608.191
645.27
654.033
699.738
610.714
393.145
672.024
350.888
656.549
168.636
675.221
705.098
612.765
668.029
609.803
748.88
650.245
625.085
601.903
149.5
772.246
668.125
602.5
705.022
758.107
708.956
335.66
336.057
633.206
155.924
654.555
629.818
651.625
681.38
725.417
628.911
676.49
614.512
617.581
655.892
664.567
716.387
748.158
493.158
651.735
668.355
308.615
159.211
620.006
695.313
640.633
628.125
601.872
181.188
602.496
602.616
629.885
631.008
583.143
613.872
669.32
653.983
645.218
678.131
138.406
331.991
732.726
621.842
147.703
644.638
614.926
602.05
639.033
640.043
190.289
662.103
311.955
678.456
664.473
628.674
609.311
631.873
360.808
759.921
124.455
651.859
647.062
666.041
722.882
605.528
678.826
663.389
659.549
643.541
512.428
355.914
612.983
682.279
707.197
613.813
724.918
677.997
654.309
664.982
620.056
665.103
662.939
768.963
184.72
653.34
621.785
617.987
640.003
666.468
617.072