0.00250313021811848  592.498289175737 
0.00752826642079152  592.986124141991 
0.0125787822068601  593.424566886339 
0.0176549352387207  593.84373094423 
0.0227569871226162  594.252366462703 
0.0278852034895357  594.654480036156 
0.0330398540782002  595.052307588703 
0.0382212128201977  595.44725072523 
0.043429557927336  595.840259181481 
0.048665171981281  596.232013824286 
0.0539283420255556  596.623024249296 
0.0592193596599712  597.013685146579 
0.0645385211375712  597.404310908588 
0.0698861274641664  597.795157938721 
0.0752624845005469  598.186439613635 
0.0806679030674548  598.578336655334 
0.0861026990534117  598.971004524944 
0.0915671935254905  599.364578821264 
0.0970617128431312  599.759179305404 
0.102586588775101  600.154912956483 
0.108142158619703  600.551876329479 
0.113728765328343  600.950157401101 
0.119346757632566  601.349837033755 
0.124996490174685  601.750990150396 
0.130678323642116  602.153686687574 
0.136392624905555  602.557992376231 
0.142139767161123  602.96396938726 
0.147920130076622  603.371676869829 
0.153734099942042  603.781171403863 
0.159582069824465  604.192507383268 
0.165464439727532  604.605737342805 
0.17138161675562  605.020912238813 
0.177334015282916  605.438081691893 
0.183322057127538  605.857294198016 
0.189346171730919  606.278597313328 
0.19540679634261  606.702037816873 
0.201504376210729  607.12766185475 
0.207639364778244  607.555515068557 
0.213812223885325  607.985642710495 
0.220023423977966  608.418089747122 
0.226273444323137  608.852900953413 
0.232562773230701  609.29012099851 
0.238891908282349  609.729794524363 
0.245261356567829  610.171966218247 
0.251671634928748  610.616680880029 
0.258123270210237  611.063983484907 
0.264616799520785  611.513919242277 
0.27115277050057  611.966533651259 
0.277731741598613  612.421872553368 
0.284354282359106  612.879982182764 
0.291020973717295  613.340909214429 
0.297732408305282  613.804700810609 
0.304489190768162  614.271404665816 
0.311291938090915  614.741069050635 
0.318141279936489  615.213742854582 
0.32503785899555  615.689475628217 
0.331982331348361  616.168317624702 
0.338975366839331  616.650319840988 
0.346017649464744  617.135534058775 
0.353109877774236  617.624012885416 
0.360252765286616  618.115809794891 
0.367447040920643  618.610979168975 
0.374693449441411  619.109576338751 
0.381992751923022  619.611657626557 
0.389345726228281  620.117280388499 
0.396753167506143  620.626503057637 
0.404215888707733  621.139385187946 
0.41173472112176  621.655987499168 
0.419310514930217  622.176371922653 
0.426944139785288  622.700601648289 
0.434636485408444  623.228741172639 
0.442388462212762  623.760856348381 
0.450201001949556  624.29701443515 
0.458075058380462  624.837284151913 
0.466011607976198  625.381735730966 
0.474011650643274  625.930440973673 
0.482076210480005  626.483473308074 
0.490206336563255  627.040907848467 
0.498403103767434  627.602821457102 
0.506667613617327  628.169292808118 
0.515000995176471  628.740402453846 
0.523404405972851  629.316232893634 
0.531879032963823  629.896868645344 
0.540426093542281  630.482396319664 
0.549046836586188  631.072904697415 
0.557742543553742  631.668484810017 
0.566514529626579  632.269230023301 
0.575364144903562  632.875236124863 
0.584292775647863  633.486601415155 
0.593301845590229  634.103426802539 
0.602392817291481  634.725815902534 
0.611567193567522  635.353875141489 
0.620826518980319  635.987713864953 
0.630172381398557  636.627444451006 
0.639606413631915  637.273182428863 
0.649130295143171  637.925046603028 
0.658745753842613  638.583159183372 
0.668454567969574  639.247645921461 
0.678258568066195  639.918636253519 
0.688159639048906  640.596263450436 
0.698159722383489  641.280664775257 
0.708260818369993  641.971981648598 
0.718464988544235  642.670359822505 
0.728774358203096  643.375949563281 
0.739191119061352  644.088905843847 
0.74971753204834  644.809388546257 
0.760355930253395  645.537562675027 
0.771108722029657  646.273598581976 
0.781978394266561  647.01767220336 
0.792967515842156  647.769965310103 
0.804078741267227  648.530665772026 
0.815314814534153  649.299967837015 
0.826678573184468  650.078072426185 
0.838172952610203  650.865187446126 
0.849800990605322  651.661528119469 
0.861565832184909  652.467317335062 
0.873470734691227  653.282786019184 
0.885519073207401  654.108173529329 
0.89771434630122  654.943728072247 
0.910060182123519  655.789707148042 
0.922560344887751  656.646378022314 
0.935218741759674  657.514018228513 
0.948039430188735  658.392916102828 
0.961026625715547  659.283371354208 
0.974184710293058  660.185695672304 
0.987518241162523  661.100213376399 
1.00103196032925  662.027262108708 
1.01473080468741  662.967193575718 
1.02861991684807  663.920374341636 
1.04270465672981  664.887186678387 
1.05699061397729  665.868029477079 
1.07148362127986  666.863319226346 
1.08618976866955  667.873491063527 
1.10111541888623  668.898999905301 
1.11626722390683  669.940321665083 
1.13165214274631  670.997954565284 
1.14727746064939  672.072420553452 
1.16315080980568  673.164266832294 
1.17928019173556  674.274067514761 
1.19567400151124  675.402425416626 
1.21234105399645  676.549974000511 
1.22929061231023  677.717379486933 
1.24653241874473  678.905343149898 
1.26407672839564  680.1146038167 
1.28193434579565  681.345940594111 
1.30011666487884  682.600175845978 
1.31863571264608  683.878178450534 
1.33750419695046  685.180867369528 
1.35673555887835  686.509215565631 
1.37634403026672  687.864254309666 
1.39634469697339  689.247077925092 
1.4167535686046  690.658849024023 
1.43758765550744  692.10080429711 
1.45886505395473  693.574260929002 
1.48060504059113  695.080623722158 
1.50282817737584  696.621393024843 
1.5255564284534  698.198173574602 
1.54881329061767  699.812684386848 
1.57262393931138  701.466769840139 
1.59701539243554  703.162412135955 
1.62201669464096  704.901745342332 
1.6476591252543  706.687071268875 
1.67397643357167  708.520877466895 
1.70100510595959  710.405857704858 
1.72878467006667  712.344935338429 
1.75735804251072  714.341290079577 
1.78677192771702  716.398388774639 
1.81707727721234  718.520020932732 
1.84832982071645  720.710339910629 
1.88059068293467  722.973910868231 
1.91392710320226  725.315766873024 
1.94841327927343  727.741474870305 
1.98413136187551  730.257213672562 
2.02117263355586  732.869866689531 
2.05963891438366  735.587132866343 
2.09964424899735  738.417660285936 
2.14131694539792  741.371208215996 
2.18480205733766  744.458845173837 
2.23026443141442  747.693193039812 
2.27789248040367  751.088730661179 
2.32790290097834  754.66217519093 
2.38054663446376  758.432966272031 
2.43611648561857  762.423888158914 
2.4949569856415  766.661879648827 
2.55747734262284  771.179104033671 
2.62416871712151  776.014385815241 
2.69562768110365  781.215175678092 
2.77258872223978  786.840294531663 
2.85597033117883  792.963857926713 
2.94694210938456  799.681045284822 
3.04702556794154  807.116858605906 
3.15825120305177  815.439936893409 
3.28341434600577  824.885370047406 
3.42651518964645  835.794568723107 
3.59356927430961  848.690105326972 
3.79423996977176  864.429969652439 
4.04555439805267  884.569042371711 
4.38202663467388  912.382930470878 
4.89285225843988  956.856002100043 
