46.0295
11.7759
58.6371
8.85748
40.0209
23.7758
30.5907
72.4185
187.047
203.669
149.97
80.6248
60.7856
369.059
45.9597
295.729
63.1006
203.531
23.5564
28.9754
72.2864
68.0479
21.2692
220.171
0.954625
122.061
108.761
13.5096
11.0692
405.778
96.5656
493.424
12.8606
128.157
22.8598
55.7087
29.9639
7.89279
344.608
51.0757
5.62819
72.086
22.6525
318.836
360.858
30.3235
86.5623
68.1966
13.8085
54.3067
68.7316
21.6344
33.486
55.4201
143.341
138.185
8.68569
5.28126
38.9489
70.6661
88.4244
351.851
121.511
22.5738
160.289
90.6427
95.296
89.7361
11.6259
72.6649
60.1522
48.226
17.7399
14.0086
36.6288
2.63962
122.72
69.2627
55.8278
24.0479
158.462
57.1583
2.07489
31.2198
93.5317
26.4859
76.9508
142.029
37.0305
8.65349
12.5281
5.80202
71.6159
48.4795
113.791
38.5854
96.9757
111.357
189.182
20.8352
320.977