1.23356 0.0157742650502338 
2.46712 0.0304455843032367 
3.70068 0.0448982061568726 
4.93424 0.0591353906146672 
6.1678 0.0731603490850414 
7.40136 0.0869762451056927 
8.63492 0.100586195057178 
9.86848 0.113993268865858 
11.10204 0.127200490696368 
12.3356 0.14021083963376 
13.56916 0.153027250355482 
14.80272 0.165652613793335 
16.03628 0.178089777785568 
17.26984 0.19034154771925 
18.5034 0.202410687163069 
19.73696 0.214299918490688 
20.97052 0.226011923494826 
22.20408 0.237549343992172 
23.43764 0.248914782419286 
24.6712 0.260110802419617 
25.90476 0.271139929421771 
27.13832 0.282004651209162 
28.37188 0.292707418481163 
29.60544 0.303250645405902 
30.839 0.313636710164812 
32.07256 0.323867955489064 
33.30612 0.333946689188007 
34.53968 0.343875184669728 
35.77324 0.353655681453852 
37.0068 0.363290385676699 
38.24036 0.372781470588912 
39.47392 0.382131077045665 
40.70748 0.391341313989566 
41.94104 0.400414258926357 
43.1746 0.409351958393531 
44.40816 0.418156428421956 
45.64172 0.42682965499062 
46.87528 0.4353735944746 
48.10884 0.44379017408635 
49.3424 0.452081292310416 
50.57596 0.460248819331661 
51.80952 0.468294597457117 
53.04308 0.476220441531547 
54.27664 0.484028139346805 
55.5102 0.491719452045101 
56.74376 0.499296114516255 
57.97732 0.506759835789023 
59.21088 0.5141122994166 
60.44444 0.521355163856362 
61.678 0.528490062843964 
62.91156 0.535518605761847 
64.14512 0.542442378002262 
65.37868 0.549262941324879 
66.61224 0.55598183420906 
67.8458 0.562600572200893 
69.07936 0.56912064825504 
70.31292 0.5755435330715 
71.54648 0.581870675427341 
72.78004 0.5881035025035 
74.0136 0.594243420206702 
75.24716 0.600291813486581 
76.48072 0.606250046648079 
77.71428 0.612119463659183 
78.94784 0.61790138845408 
80.1814 0.623597125231788 
81.41496 0.629207958750335 
82.64852 0.634735154616559 
83.88208 0.640179959571586 
85.11564 0.645543601772044 
86.3492 0.650827291067099 
87.58276 0.656032219271351 
88.81632 0.661159560433665 
90.04988 0.666210471101998 
91.28344 0.671186090584273 
92.517 0.676087541205367 
93.75056 0.680915928560269 
94.98412 0.685672341763465 
96.21768 0.6903578536946 
97.45124 0.694973521240484 
98.6848 0.699520385533489 
99.91836 0.703999472186393 
101.15192 0.708411791523717 
102.38548 0.712758338809625 
103.61904 0.717040094472417 
104.8526 0.72125802432568 
106.08616 0.725413079786143 
107.31972 0.729506198088279 
108.55328 0.733538302495717 
109.78684 0.737510302509497 
111.0204 0.741423094073216 
112.25396 0.745277559775131 
113.48752 0.74907456904723 
114.72108 0.752814978361353 
115.95464 0.756499631422377 
117.1882 0.760129359358528 
118.42176 0.763704980908856 
119.65532 0.767227302607909 
120.88888 0.770697118967666 
122.12244 0.774115212656742 
123.356 0.77748235467694 
124.58956 0.780799304537155 
125.82312 0.784066810424694 
127.05668 0.787285609374043 
128.29024 0.790456427433114 
129.5238 0.793579979827017 
130.75736 0.796656971119389 
131.99092 0.799688095371319 
133.22448 0.802674036297904 
134.45804 0.80561546742247 
135.6916 0.808513052228496 
136.92516 0.811367444309275 
138.15872 0.814179287515335 
139.39228 0.816949216099678 
140.62584 0.819677854860837 
141.8594 0.822365819283813 
143.09296 0.825013715678908 
144.32652 0.827622141318482 
145.56008 0.830191684571682 
146.79364 0.832722925037153 
148.0272 0.835216433673781 
149.26076 0.837672772929474 
150.49432 0.840092496868035 
151.72788 0.842476151294141 
152.96144 0.84482427387645 
154.195 0.847137394268888 
155.42856 0.849416034230118 
156.66212 0.851660707741227 
157.89568 0.853871921121665 
159.12924 0.856050173143455 
160.3628 0.858195955143694 
161.59636 0.860309751135383 
162.82992 0.862392037916605 
164.06348 0.864443285178071 
165.29704 0.86646395560907 
166.5306 0.868454505001829 
167.76416 0.870415382354331 
168.99772 0.872347029971587 
170.23128 0.874249883565409 
171.46484 0.876124372352687 
172.6984 0.87797091915221 
173.93196 0.879789940480036 
175.16552 0.881581846643442 
176.39908 0.883347041833481 
177.63264 0.885085924216144 
178.8662 0.886798886022182 
180.09976 0.888486313635573 
181.33332 0.890148587680678 
182.56688 0.891786083108099 
183.80044 0.893399169279251 
185.034 0.894988210049678 
186.26756 0.89655356385113 
187.50112 0.898095583772407 
188.73468 0.899614617639005 
189.96824 0.901111008091575 
191.2018 0.902585092663211 
192.43536 0.904037203855581 
193.66892 0.905467669213935 
194.90248 0.90687681140098 
196.13604 0.908264948269666 
197.3696 0.909632392934883 
198.60316 0.910979453844086 
199.83672 0.912306434846871 
201.07028 0.913613635263512 
202.30384 0.91490134995248 
203.5374 0.91616986937695 
204.77096 0.917419479670319 
206.00452 0.918650462700749 
207.23808 0.919863096134747 
208.47164 0.921057653499795 
209.7052 0.92223440424605 
210.93876 0.923393613807122 
212.17232 0.924535543659943 
213.40588 0.925660451383755 
214.63944 0.926768590718202 
215.873 0.927860211620571 
217.10656 0.92893556032217 
218.34012 0.929994879383872 
219.57368 0.931038407750824 
220.80724 0.932066380806349 
222.0408 0.933079030425039 
223.27436 0.934076585025057 
224.50792 0.935059269619658 
225.74148 0.93602730586795 
226.97504 0.936980912124887 
228.2086 0.937920303490523 
229.44216 0.938845691858535 
230.67572 0.939757285964013 
231.90928 0.940655291430547 
233.14284 0.941539910816611 
234.3764 0.942411343661244 
235.60996 0.943269786529069 
236.84352 0.944115433054625 
238.07708 0.944948473986046 
239.31064 0.945769097228088 
240.5442 0.946577487884512 
241.77776 0.947373828299837 
243.01132 0.948158298100473 
244.24488 0.948931074235234 
245.47844 0.949692331015256 
246.712 0.950442240153313 
247.94556 0.951180970802549 
249.17912 0.951908689594635 
250.41268 0.952625560677353 
251.64624 0.953331745751624 
252.8798 0.95402740410798 
254.11336 0.954712692662496 
255.34692 0.955387765992184 
256.58048 0.956052776369861 
257.81404 0.956707873798495 
259.0476 0.957353206045041 
260.28116 0.957988918673772 
261.51472 0.958615155079115 
262.74828 0.959232056517992 
263.98184 0.959839762141686 
265.2154 0.960438409027226 
266.44896 0.961028132208309 
267.68252 0.961609064705757 
268.91608 0.962181337557525 
270.14964 0.962745079848255 
271.3832 0.963300418738392 
272.61676 0.963847479492872 
273.85032 0.964386385509374 
275.08388 0.964917258346155 
276.31744 0.965440217749468 
277.551 0.965955381680573 
278.78456 0.966462866342348 
280.01812 0.966962786205495 
281.25168 0.967455254034365 
282.48524 0.967940380912392 
283.7188 0.968418276267148 
284.95236 0.968889047895029 
286.18592 0.969352801985568 
287.41948 0.969809643145389 
288.65304 0.9702596744218 
289.8866 0.97070299732604 
291.12016 0.971139711856176 
292.35372 0.971569916519655 
293.58728 0.97199370835553 
294.82084 0.972411182956344 
296.0544 0.972822434489693 
297.28796 0.97322755571947 
298.52152 0.973626638026786 
299.75508 0.974019771430581 
300.98864 0.974407044607935 
302.2222 0.974788544914066 
303.45576 0.975164358402033 
304.68932 0.975534569842151 
305.92288 0.975899262741109 
307.15644 0.976258519360807 
308.39 0.976612420736912 
309.62356 0.976961046697136 
310.85712 0.977304475879242 
312.09068 0.977642785748783 
313.32424 0.977976052616575 
314.5578 0.978304351655911 
315.79136 0.978627756919515 
317.02492 0.978946341356247 
318.25848 0.97926017682756 
319.49204 0.979569334123705 
320.7256 0.979873882979703 
321.95916 0.980173892091071 
323.19272 0.980469429129321 
324.42628 0.980760560757221 
325.65984 0.981047352643835 
326.8934 0.981329869479331 
328.12696 0.981608174989578 
329.36052 0.981882331950519 
330.59408 0.982152402202327 
331.82764 0.982418446663359 
333.0612 0.982680525343896 
334.29476 0.982938697359675 
335.52832 0.98319302094523 
336.76188 0.983443553467024 
337.99544 0.983690351436387 
339.229 0.983933470522268 
340.46256 0.984172965563786 
341.69612 0.984408890582607 
342.92968 0.984641298795122 
344.16324 0.984870242624456 
345.3968 0.98509577371229 
346.63036 0.98531794293051 
347.86392 0.985536800392684 
349.09748 0.985752395465363 
350.33104 0.985964776779217 
351.5646 0.986173992240008 
352.79816 0.986380089039388 
354.03172 0.986583113665554 
355.26528 0.986783111913724 
356.49884 0.986980128896474 
357.7324 0.987174209053911 
358.96596 0.987365396163698 
360.19952 0.987553733350925 
361.43308 0.987739263097845 
362.66664 0.987922027253445 
363.9002 0.988102067042897 
365.13376 0.98827942307685 
366.36732 0.98845413536059 
367.60088 0.988626243303069 
368.83444 0.988795785725789 
370.068 0.988962800871561 
371.30156 0.989127326413134 
372.53512 0.989289399461686 
373.76868 0.989449056575201 
375.00224 0.989606333766711 
376.2358 0.989761266512425 
377.46936 0.989913889759723 
378.70292 0.990064237935047 
379.93648 0.99021234495166 
381.17004 0.990358244217299 
382.4036 0.990501968641711 
383.63716 0.990643550644075 
384.87072 0.990783022160315 
386.10428 0.990920414650302 
387.33784 0.991055759104953 
388.5714 0.99118908605322 
389.80496 0.991320425568977 
391.03852 0.991449807277802 
392.27208 0.991577260363662 
393.50564 0.991702813575493 
394.7392 0.991826495233687 
395.97276 0.991948333236479 
397.20632 0.99206835506624 
398.43988 0.992186587795676 
399.67344 0.992303058093936 
400.907 0.992417792232626 
402.14056 0.992530816091734 
403.37412 0.992642155165471 
404.60768 0.992751834568019 
405.84124 0.992859879039196 
407.0748 0.992966312950037 
408.30836 0.993071160308291 
409.54192 0.993174444763839 
410.77548 0.993276189614022 
412.00904 0.993376417808903 
413.2426 0.99347515195644 
414.47616 0.993572414327586 
415.70972 0.993668226861314 
416.94328 0.993762611169564 
418.17684 0.993855588542119 
419.4104 0.993947179951406 
420.64396 0.994037406057227 
421.87752 0.994126287211422 
423.11108 0.994213843462454 
424.34464 0.994300094559937 
425.5782 0.994385059959086 
426.81176 0.99446875882511 
428.04532 0.994551210037531 
429.27888 0.994632432194444 
430.51244 0.994712443616713 
431.746 0.994791262352104 
432.97956 0.994868906179352 
434.21312 0.994945392612176 
435.44668 0.995020738903227 
436.68024 0.99509496204798 
437.9138 0.995168078788567 
439.14736 0.995240105617557 
440.38092 0.995311058781669 
441.61448 0.995380954285444 
442.84804 0.995449807894851 
444.0816 0.995517635140844 
445.31516 0.995584451322866 
446.54872 0.995650271512299 
447.78228 0.995715110555865 
449.01584 0.995778983078973 
450.2494 0.995841903489019 
451.48296 0.995903885978636 
452.71652 0.995964944528895 
453.95008 0.99602509291246 
455.18364 0.996084344696691 
456.4172 0.99614271324671 
457.65076 0.996200211728408 
458.88432 0.996256853111423 
460.11788 0.996312650172059 
461.35144 0.996367615496174 
462.585 0.996421761482011 
463.81856 0.996475100343003 
465.05212 0.996527644110521 
466.28568 0.996579404636593 
467.51924 0.996630393596574 
468.7528 0.996680622491782 
469.98636 0.99673010265209 
471.21992 0.996778845238482 
472.45348 0.996826861245574 
473.68704 0.996874161504089 
474.9206 0.996920756683303 
476.15416 0.996966657293451 
477.38772 0.997011873688096 
478.62128 0.997056416066469 
479.85484 0.997100294475764 
481.0884 0.997143518813408 
482.32196 0.997186098829293 
483.55552 0.997228044127974 
484.78908 0.997269364170836 
486.02264 0.997310068278228 
487.2562 0.997350165631566 
488.48976 0.997389665275404 
489.72332 0.997428576119474 
490.95688 0.997466906940693 
492.19044 0.997504666385149 
493.424 0.997541862970044 
