114.042 0.00248756218905473 
114.122 0.00746268656716418 
114.642 0.0124378109452736 
115.045 0.0174129353233831 
115.099 0.0223880597014925 
115.367 0.027363184079602 
115.663 0.0323383084577114 
115.726 0.0373134328358209 
115.736 0.0422885572139304 
115.933 0.0472636815920398 
116.489 0.0522388059701493 
116.783 0.0572139303482587 
116.94 0.0621890547263682 
117.413 0.0671641791044776 
118.24 0.0721393034825871 
118.869 0.0771144278606965 
120.349 0.082089552238806 
123.583 0.0870646766169154 
124.087 0.0920398009950249 
124.422 0.0970149253731343 
125.342 0.101990049751244 
128.141 0.106965174129353 
128.816 0.111940298507463 
128.829 0.116915422885572 
129.324 0.121890547263682 
129.706 0.126865671641791 
129.971 0.131840796019901 
130.142 0.13681592039801 
130.572 0.141791044776119 
131.038 0.146766169154229 
131.556 0.151741293532338 
131.999 0.156716417910448 
132.5 0.161691542288557 
134.214 0.166666666666667 
135.878 0.171641791044776 
137.471 0.176616915422886 
137.918 0.181592039800995 
138.098 0.186567164179104 
138.48 0.191542288557214 
138.503 0.196517412935323 
139.99 0.201492537313433 
140.53 0.206467661691542 
140.831 0.211442786069652 
141.15 0.216417910447761 
141.543 0.221393034825871 
142.907 0.22636815920398 
142.965 0.23134328358209 
143.494 0.236318407960199 
143.808 0.241293532338308 
144.061 0.246268656716418 
145.77 0.251243781094527 
145.808 0.256218905472637 
146.634 0.261194029850746 
148.49 0.266169154228856 
151.988 0.271144278606965 
156.282 0.276119402985075 
156.552 0.281094527363184 
156.738 0.286069651741294 
162.477 0.291044776119403 
162.755 0.296019900497512 
162.896 0.300995024875622 
163.196 0.305970149253731 
166.984 0.310945273631841 
171.212 0.31592039800995 
185.526 0.32089552238806 
253.222 0.325870646766169 
254.501 0.330845771144279 
255.215 0.335820895522388 
256.365 0.340796019900498 
256.525 0.345771144278607 
257.293 0.350746268656716 
258.782 0.355721393034826 
260.036 0.360696517412935 
260.968 0.365671641791045 
261.763 0.370646766169154 
262.089 0.375621890547264 
262.128 0.380597014925373 
262.294 0.385572139303483 
263.099 0.390547263681592 
265.781 0.395522388059701 
267.039 0.400497512437811 
267.202 0.40547263681592 
267.875 0.41044776119403 
268.297 0.415422885572139 
271.16 0.420398009950249 
273.682 0.425373134328358 
275.683 0.430348258706468 
276.461 0.435323383084577 
276.813 0.440298507462687 
277.178 0.445273631840796 
280.211 0.450248756218905 
284.19 0.455223880597015 
284.83 0.460199004975124 
285.544 0.465174129353234 
290.314 0.470149253731343 
290.896 0.475124378109453 
292.019 0.480099502487562 
295.905 0.485074626865672 
296.7 0.490049751243781 
299.23 0.495024875621891 
299.291 0.5 
301.243 0.504975124378109 
307.135 0.509950248756219 
308.356 0.514925373134328 
308.367 0.519900497512438 
309.801 0.524875621890547 
312.278 0.529850746268657 
313.237 0.534825870646766 
316.712 0.539800995024876 
322.186 0.544776119402985 
332.566 0.549751243781095 
338.344 0.554726368159204 
373.231 0.559701492537313 
389.682 0.564676616915423 
399.175 0.569651741293532 
399.479 0.574626865671642 
403.637 0.579601990049751 
405.392 0.584577114427861 
417.067 0.58955223880597 
420.901 0.59452736318408 
424.625 0.599502487562189 
427.427 0.604477611940298 
427.583 0.609452736318408 
428.492 0.614427860696517 
430.565 0.619402985074627 
431.257 0.624378109452736 
432.887 0.629353233830846 
435.18 0.634328358208955 
437.064 0.639303482587065 
446.334 0.644278606965174 
453.407 0.649253731343284 
454.624 0.654228855721393 
454.791 0.659203980099503 
481.773 0.664179104477612 
498.456 0.669154228855721 
498.988 0.674129353233831 
500.97 0.67910447761194 
513.889 0.68407960199005 
519.021 0.689054726368159 
552.488 0.694029850746269 
556.322 0.699004975124378 
556.767 0.703980099502488 
562.02 0.708955223880597 
566.728 0.713930348258706 
575.539 0.718905472636816 
581.116 0.723880597014925 
582.217 0.728855721393035 
586.628 0.733830845771144 
588.552 0.738805970149254 
588.757 0.743781094527363 
591.688 0.748756218905473 
591.829 0.753731343283582 
593.955 0.758706467661692 