716.923
166.984
115.099
673.04
128.829
137.471
267.202
684.965
124.422
666.728
500.97
588.552
262.089
275.683
295.905
290.314
437.064
307.135
674.23
588.757
566.728
254.501
607.409
260.036
454.624
427.583
261.763
659.839
427.427
120.349
322.186
687.9
131.999
723.455
405.392
719.331
694.617
141.543
562.02
146.634
185.526
156.282
280.211
131.556
273.682
276.461
116.783
730.691
432.887
556.322
145.808
725.181
143.808
277.178
519.021
719.207
285.544
130.142
399.175
726.907
591.688
135.878
591.829
552.488
284.83
114.642
125.342
253.222
389.682
115.045
115.367
713.157
669.363
685.437
262.128
308.367
271.16
260.968
299.23
265.781
556.767
145.77
117.413
132.5
417.067
118.869
140.53
143.494
615.684
668.615
267.875
513.889
424.625
373.231
162.896
141.15
292.019
454.791
116.489
662.965
290.896
129.706
684.083
435.18
163.196
114.042
581.116
138.098
642.127
399.479
658.237
267.039
123.583
139.99
430.565
162.755
498.456
652.773
700.299
308.356
144.061
257.293
148.49
716.562
313.237
611.775
332.566
746.779
481.773
403.637
115.663
128.816
696.885
711.922
140.831
725.099
582.217
162.477
428.492
453.407
129.971
620.639
137.918
338.344
118.24
606.344
688.282
446.334
142.965
620.512
284.19
606.692
138.48
299.291
679.132
262.294
134.214
128.141
312.278
142.907
734.52
709.606
301.243
156.738
151.988
756.23
156.552
689.644
171.212
575.539
256.525
116.94
316.712
258.782
677.961
719.432
268.297
296.7
725.401
255.215
670.212
256.365
420.901
431.257
124.087
593.955
131.038
115.736
130.572
498.988
114.122
309.801
263.099
138.503
115.726
115.933
276.813
586.628
610.523
129.324