0.00249066131245192  27.194925120454 
0.00749067172915763  28.1775122816509 
0.0125158079318306  29.4946629959839 
0.0175663237178992  30.955157674339 
0.0226424767497598  32.503583603595 
0.0277445286336553  34.1146855982735 
0.0328727450005748  35.7744678436713 
0.0380273955892393  37.4742416693161 
0.0432087543312368  39.2081944071739 
0.048417099438375  40.9722261363197 
0.0536527134923201  42.7633293277415 
0.0589158835365947  44.5792306022037 
0.0642069011710103  46.4181708030392 
0.0695260626486102  48.2787632586034 
0.0748736689752055  50.1598987471672 
0.080250026011586  52.06067964441 
0.0856554445784939  53.9803730065622 
0.0910902405644508  55.9183763398098 
0.0965547350365295  57.8741921062473 
0.10204925435417  59.8474083921182 
0.10757413028614  61.8376840149271 
0.113129700130742  63.8447368880755 
0.118716306839382  65.8683348160994 
0.124334299143605  67.9082881307522 
0.129984031685724  69.9644437401827 
0.135665865153155  72.0366802762145 
0.141380166416594  74.124904104534 
0.147127308672162  76.2290460199624 
0.152907671587661  78.3490584907895 
0.158721641453081  80.4849133470254 
0.164569611335504  82.6365998304875 
0.170451981238571  84.8041229420665 
0.176369158266659  86.9875020348107 
0.182321556793955  89.1867696117115 
0.188309598638577  91.4019702950333 
0.194333713241958  93.6331599402712 
0.200394337853649  95.8804048727442 
0.206491917721768  98.1437812287515 
0.212626906289284  100.423374386359 
0.218799765396364  102.719278473413 
0.225010965489005  105.031595942423 
0.231260985834177  107.36043720365 
0.23755031474174  109.705920309078 
0.243879449793388  112.068170681114 
0.250248898078868  114.447320880768 
0.256659176439787  116.843510410875 
0.263110811721276  119.256885550545 
0.269604341031824  121.687599217612 
0.27614031201161  124.135810856283 
0.282719283109652  126.601686347597 
0.289341823870145  129.08539794065 
0.296008515228335  131.587124202806 
0.302719949816321  134.107049987371 
0.309476732279201  136.645366417428 
0.316279479601954  139.202270884695 
0.323128821447529  141.77796706244 
0.330025400506589  144.372664931636 
0.3369698728594  146.986580819627 
0.343962908350371  149.619937450736 
0.351005190975783  152.272964008286 
0.358097419285275  154.945896207633 
0.365240306797655  157.638976379864 
0.372434582431683  160.352453565886 
0.37968099095245  163.08658362071 
0.386980293434061  165.841629327749 
0.39433326773932  168.617860523066 
0.401740709017182  171.41555422949 
0.409203430218771  174.234994800607 
0.416722262632799  177.076474074665 
0.424298056441256  179.940291538461 
0.431931681296328  182.826754501332 
0.439624026919483  185.736178279402 
0.447376003723801  188.66888639027 
0.455188543460595  191.625210758374 
0.463062599891501  194.605491931275 
0.470999149487237  197.610079307181 
0.478999192154313  200.63933137401 
0.487063751991044  203.693615960395 
0.495193878074294  206.773310499001 
0.503390645278472  209.878802302619 
0.511655155128366  213.0104888535 
0.51998853668751  216.168778106459 
0.52839194748389  219.354088806293 
0.536866574474862  222.566850820138 
0.54541363505332  225.807505485386 
0.554034378097228  229.076505973879 
0.562730085064781  232.37431767311 
0.571502071137618  235.701418585227 
0.580351686414601  239.058299744706 
0.589280317158902  242.445465655584 
0.598289387101268  245.863434749234 
0.60738035880252  249.312739863729 
0.616554735078561  252.793928745886 
0.625814060491358  256.307564577193 
0.635159922909596  259.854226524877 
0.644593955142955  263.434510319467 
0.65411783665421  267.049028860296 
0.663733295353652  270.698412850493 
0.673442109480613  274.383311463111 
0.683246109577234  278.104393040158 
0.693147180559945  281.862345826429 
0.703147263894529  285.657878740153 
0.713248359881032  289.491722182627 
0.723452530055274  293.364628889162 
0.733761899714136  297.27737482383 
0.744178660572391  301.230760120682 
0.754705073559379  305.225610074305 
0.765343471764434  309.2627761828 
0.776096263540696  313.343137246494 
0.7869659357776  317.467600525943 
0.797955057353195  321.637102963061 
0.809066282778266  325.852612469506 
0.820302356045192  330.115129286769 
0.831666114695507  334.425687422771 
0.843160494121242  338.785356170148 
0.854788532116361  343.195241711835 
0.866553373695948  347.656488819985 
0.878458276202266  352.170282654801 
0.890506614718441  356.737850670369 
0.902701887812259  361.360464635201 
0.915047723634558  366.039442775839 
0.927547886398789  370.776152052598 
0.940206283270713  375.572010577338 
0.953026971699775  380.428490183992 
0.966014167226586  385.347119163572 
0.979172251804097  390.329485176429 
0.992505782673562  395.377238355718 
1.00601950184028  400.492094617314 
1.01971834619845  405.675839192876 
1.03360745835911  410.930330404363 
1.04769219824085  416.257503700049 
1.06197815548833  421.659375974099 
1.0764711627909  427.138050193957 
1.09117731018059  432.695720362245 
1.10610296039727  438.334676842634 
1.12125476541787  444.057312082212 
1.13663968425735  449.866126766335 
1.15226500216043  455.763736445801 
1.16813835131672  461.752878680565 
1.1842677332466  467.836420749104 
1.20066154302228  474.017367978094 
1.21732859550749  480.298872753331 
1.23427815382127  486.684244279933 
1.25151996025577  493.176959167938 
1.26906426990668  499.780672928583 
1.28692188730669  506.499232477048 
1.30510420638988  513.336689749404 
1.32362325415712  520.297316555229 
1.3424917384615  527.38562080312 
1.36172310038939  534.60636425443 
1.38133157177776  541.964581981541 
1.40133223848443  549.465603731131 
1.42174111011564  557.115077421066 
1.44257519701848  564.918995032179 
1.46385259546577  572.883721194394 
1.48559258210217  581.016024811312 
1.50781571888688  589.323114119807 
1.53054396996444  597.812675643029 
1.5538008321287  606.492917568245 
1.57761148082242  615.372618167692 
1.60200293394658  624.461179983903 
1.627004236152  633.768690624478 
1.65264666676534  643.305991159605 
1.67896397508271  653.084753294507 
1.70599264747063  663.117566705703 
1.73377221157771  673.418038193767 
1.76234558402176  684.000904627975 
1.79175946922806  694.882162055127 
1.82206481872338  706.079213835684 
1.85331736222749  717.611041280919 
1.88557822444571  729.498401029063 
1.9189146447133  741.764054361348 
1.95340082078447  754.43303488058 
1.98911890338655  767.532962536363 
2.0261601750669  781.094413992812 
2.06462645589469  795.1513619479 
2.1046317905084  809.741699439357 
2.14630448690896  824.907869705947 
2.1897895988487  840.697628236028 
2.23525197292546  857.164971833931 
2.28288002191471  874.371280755345 
2.33289044248938  892.386735520942 
2.3855341759748  911.292091897734 
2.44110402712961  931.180928789401 
2.49994452715254  952.162529178126 
2.56246488413387  974.365621462335 
2.62915625863255  997.943310085384 
2.70061522261469  1023.07968138223 
2.77757626375082  1049.99881974492 
2.86095787268987  1078.97737627017 
2.9519296508956  1110.36251944292 
3.05201310945258  1144.5983031602 
3.16323874456281  1182.26569781195 
3.28840188751681  1224.14579795044 
3.43150273115748  1271.3244859107 
3.59855681582065  1325.37623860894 
3.7992275112828  1388.71192240624 
4.05054193956371  1465.30433337927 
4.38701417618492  1562.41509313179 
4.89783979995091  1695.49404475011 
