0.5298575 0.0947986125692539 
1.059715 0.104408227256863 
1.5895725 0.113915826309358 
2.11943 0.123322492724357 
2.6492875 0.132629298002378 
3.179145 0.141837302268894 
3.7090025 0.150947554395088 
4.23886 0.159961092117333 
4.7687175 0.168878942155394 
5.298575 0.177702120329384 
5.8284325 0.186431631675473 
6.35829 0.195068470560371 
6.8881475 0.203613620794594 
7.418005 0.212068055744528 
7.9478625 0.220432738443308 
8.47772 0.22870862170051 
9.0075775 0.236896648210688 
9.537435 0.244997750660754 
10.0672925 0.253012851836219 
10.59715 0.260942864726305 
11.1270075 0.268788692627946 
11.656865 0.276551229248677 
12.1867225 0.284231358808439 
12.71658 0.291829956140296 
13.2464375 0.299347886790087 
13.776295 0.30678600711502 
14.3061525 0.314145164381218 
14.83601 0.32142619686023 
15.3658675 0.328629933924517 
15.895725 0.335757196141924 
16.4255825 0.342808795369153 
16.95544 0.349785534844236 
17.4852975 0.356688209278034 
18.015155 0.363517604944759 
18.5450125 0.370274499771542 
19.07487 0.376959663427039 
19.6047275 0.383573857409107 
20.134585 0.390117835131546 
20.6644425 0.396592342009916 
21.1943 0.40299811554645 
21.7241575 0.409335885414057 
22.254015 0.415606373539444 
22.7838725 0.421810294185346 
23.31373 0.427948354031886 
23.8435875 0.434021252257074 
24.373445 0.440029680616449 
24.9033025 0.445974323521877 
25.43316 0.451855858119507 
25.9630175 0.457674954366909 
26.492875 0.463432275109386 
27.0227325 0.469128476155477 
27.55259 0.474764206351659 
28.0824475 0.480340107656259 
28.612305 0.485856815212576 
29.1421625 0.491314957421229 
29.67202 0.49671515601174 
30.2018775 0.502058026113351 
30.731735 0.507344176325095 
31.2615925 0.51257420878512 
31.79145 0.517748719239277 
32.3213075 0.522868297108982 
32.851165 0.527933525558354 
33.3810225 0.532944981560645 
33.91088 0.537903235963961 
34.4407375 0.542808853556286 
34.970595 0.547662393129817 
35.5004525 0.552464407544615 
36.03031 0.557215443791581 
36.5601675 0.561916043054761 
37.090025 0.566566740772996 
37.6198825 0.571168066700906 
38.14974 0.575720544969243 
38.6795975 0.580224694144585 
39.209455 0.58468102728841 
39.7393125 0.589090052015536 
40.26917 0.593452270551948 
40.7990275 0.597768179791998 
41.328885 0.60203827135501 
41.8587425 0.606263031641279 
42.3886 0.610442941887477 
42.9184575 0.614578478221469 
43.448315 0.618670111716548 
43.9781725 0.622718308445094 
44.50803 0.626723529531666 
45.0378875 0.630686231205525 
45.567745 0.634606864852604 
46.0976025 0.638485877066925 
46.62746 0.642323709701468 
47.1573175 0.646120799918506 
47.687175 0.649877580239396 
48.2170325 0.653594478593853 
48.74689 0.657271918368687 
49.2767475 0.66091031845604 
49.806605 0.664510093301095 
50.3364625 0.668071652949284 
50.86632 0.671595403093001 
51.3961775 0.675081745117811 
51.926035 0.678531076148169 
52.4558925 0.681943789092661 
52.98575 0.685320272688753 
53.5156075 0.688660911547081 
54.045465 0.69196608619525 
54.5753225 0.69523617312119 
55.10518 0.698471544816033 
55.6350375 0.70167256981655 
56.164895 0.704839612747123 
56.6947525 0.707973034361285 
57.22461 0.711073191582812 
57.7544675 0.714140437546377 
58.284325 0.717175121637775 
58.8141825 0.720177589533726 
59.34404 0.723148183241244 
59.8738975 0.726087241136601 
60.403755 0.728995098003865 
60.9336125 0.731872085073038 
61.46347 0.734718530057787 
61.9933275 0.737534757192771 
62.523185 0.740321087270573 
63.0530425 0.743077837678248 
63.5829 0.745805322433465 
64.1127575 0.748503852220288 
64.642615 0.751173734424557 
65.1724725 0.753815273168906 
65.70233 0.756428769347404 
66.2321875 0.759014520659829 
66.762045 0.761572821645581 
67.2919025 0.764103963717228 
67.82176 0.766608235193707 
68.3516175 0.769085921333159 
68.881475 0.771537304365426 
69.4113325 0.773962663524201 
69.94119 0.77636227507883 
70.4710475 0.778736412365789 
71.000905 0.78108534581981 
71.5307625 0.783409343004695 
72.06062 0.785708668643787 
72.5904775 0.787983584650128 
73.120335 0.790234350156291 
73.6501925 0.7924612215439 
74.18005 0.794664452472833 
74.7099075 0.796844293910113 
75.239765 0.799000994158501 
75.7696225 0.801134798884775 
76.29948 0.803245951147715 
76.8293375 0.805334691425792 
77.359195 0.807401257644556 
77.8890525 0.809445885203741 
78.41891 0.81146880700408 
78.9487675 0.81347025347383 
79.478625 0.815450452595024 
80.0084825 0.817409629929438 
80.53834 0.819348008644285 
81.0681975 0.821265809537637 
81.598055 0.823163251063572 
82.1279125 0.825040549357062 
82.65777 0.82689791825859 
83.1876275 0.828735569338511 
83.717485 0.830553711921148 
84.2473425 0.832352553108637 
84.7772 0.834132297804522 
85.3070575 0.835893148737088 
85.836915 0.83763530648246 
86.3667725 0.839358969487444 
86.89663 0.84106433409214 
87.4264875 0.842751594552299 
87.956345 0.844420943061455 
88.4862025 0.846072569772816 
89.01606 0.847706662820922 
89.5459175 0.849323408343081 
90.075775 0.850922990500567 
90.6056325 0.852505591499596 
91.13549 0.854071391612087 
91.6653475 0.85562056919619 
92.195205 0.857153300716607 
92.7250625 0.858669760764693 
93.25492 0.860170122078338 
93.7847775 0.86165455556165 
94.314635 0.863123230304418 
94.8444925 0.864576313601376 
95.37435 0.866013970971258 
95.9042075 0.867436366175648 
96.434065 0.868843661237642 
96.9639225 0.870236016460297 
97.49378 0.871613590444894 
98.0236375 0.872976540109003 
98.553495 0.874325020704359 
99.0833525 0.875659185834543 
99.61321 0.876979187472482 
100.1430675 0.87828517597776 
100.672925 0.879577300113742 
101.2027825 0.880855707064524 
101.73264 0.882120542451694 
102.2624975 0.883371950350922 
102.792355 0.884610073308374 
103.3222125 0.885835052356942 
103.85207 0.887047027032318 
104.3819275 0.88824613538888 
104.911785 0.889432514015422 
105.4416425 0.890606298050712 
105.9715 0.891767621198888 
106.5013575 0.892916615744681 
107.031215 0.89405341256849 
107.5610725 0.895178141161288 
108.09093 0.896290929639372 
108.6207875 0.897391904758958 
109.150645 0.898481191930617 
109.6805025 0.899558915233561 
110.21036 0.900625197429781 
110.7402175 0.901680159978024 
111.270075 0.902723923047633 
111.7999325 0.903756605532232 
112.32979 0.904778325063272 
112.8596475 0.905789198023429 
113.389505 0.906789339559862 
113.9193625 0.907778863597324 
114.44922 0.908757882851148 
114.9790775 0.90972650884008 
115.508935 0.910684851898981 
116.0387925 0.911633021191401 
116.56865 0.912571124722007 
117.0985075 0.913499269348892 
117.628365 0.914417560795741 
118.1582225 0.915326103663879 
118.68808 0.916225001444182 
119.2179375 0.917114356528868 
119.747795 0.91799427022316 
120.2776525 0.918864842756824 
120.80751 0.919726173295587 
121.3373675 0.920578359952436 
121.867225 0.921421499798787 
122.3970825 0.922255688875548 
122.92694 0.923081022204058 
123.4567975 0.923897593796907 
123.986655 0.924705496668651 
124.5165125 0.925504822846401 
125.04637 0.92629566338031 
125.5762275 0.927078108353944 
126.106085 0.927852246894538 
126.6359425 0.928618167183159 
127.1658 0.929375956464737 
127.6956575 0.930125701058016 
128.225515 0.930867486365378 
128.7553725 0.931601396882572 
129.28523 0.932327516208344 
129.8150875 0.933045927053954 
130.344945 0.933756711252599 
130.8748025 0.934459949768737 
131.40466 0.935155722707306 
131.9345175 0.93584410932285 
132.464375 0.936525188028548 
132.9942325 0.937199036405146 
133.52409 0.93786573120979 
134.0539475 0.938525348384776 
134.583805 0.939177963066194 
135.1136625 0.939823649592491 
135.64352 0.940462481512937 
136.1733775 0.941094531596003 
136.703235 0.94171987183765 
137.2330925 0.942338573469532 
137.76295 0.942950706967104 
138.2928075 0.943556342057659 
138.822665 0.94415554772826 
139.3525225 0.944748392233609 
139.88238 0.945334943103811 
140.4122375 0.945915267152076 
140.942095 0.946489430482322 
141.4719525 0.947057498496711 
142.00181 0.947619535903092 
142.5316675 0.948175606722381 
143.061525 0.948725774295842 
143.5913825 0.949270101292314 
144.12124 0.949808649715341 
144.6510975 0.950341480910237 
145.180955 0.950868655571076 
145.7108125 0.951390233747603 
146.24067 0.951906274852076 
146.7705275 0.952416837666032 
147.300385 0.952921980346983 
147.8302425 0.953421760435042 
148.3601 0.953916234859476 
148.8899575 0.95440545994519 
149.419815 0.954889491419147 
149.9496725 0.955368384416709 
150.47953 0.955842193487924 
151.0093875 0.956310972603735 
151.539245 0.956774775162132 
152.0691025 0.957233653994229 
152.59896 0.957687661370288 
153.1288175 0.958136849005669 
153.658675 0.95858126806672 
154.1885325 0.959020969176611 
154.71839 0.959456002421094 
155.2482475 0.959886417354211 
155.778105 0.96031226300394 
156.3079625 0.960733587877776 
156.83782 0.96115043996826 
157.3676775 0.961562866758444 
157.897535 0.9619709152273 
158.4273925 0.962374631855072 
158.95725 0.962774062628569 
159.4871075 0.963169253046405 
160.016965 0.963560248124181 
160.5468225 0.96394709239961 
161.07668 0.964329829937597 
161.6065375 0.964708504335252 
162.136395 0.965083158726856 
162.6662525 0.965453835788781 
163.19611 0.965820577744344 
163.7259675 0.96618342636862 
164.255825 0.9665424229932 
164.7856825 0.966897608510899 
165.31554 0.967249023380414 
165.8453975 0.967596707630933 
166.375255 0.967940700866692 
166.9051125 0.968281042271493 
167.43497 0.96861777061316 
167.9648275 0.968950924247956 
168.494685 0.969280541124959 
169.0245425 0.969606658790376 
169.5544 0.969929314391825 
170.0842575 0.970248544682563 
170.614115 0.970564386025679 
171.1439725 0.970876874398227 
171.67383 0.971186045395331 
172.2036875 0.971491934234237 
172.733545 0.971794575758324 
173.2634025 0.972094004441075 
173.79326 0.972390254390003 
174.3231175 0.972683359350533 
174.852975 0.972973352709852 
175.3828325 0.973260267500707 
175.91269 0.97354413640517 
176.4425475 0.973824991758359 
176.972405 0.974102865552124 
177.5022625 0.97437778943869 
178.03212 0.974649794734261 
178.5619775 0.974918912422588 
179.091835 0.975185173158499 
179.6216925 0.975448607271391 
180.15155 0.975709244768684 
180.6814075 0.975967115339239 
181.211265 0.97622224835674 
181.7411225 0.976474672883041 
182.27098 0.976724417671475 
182.8008375 0.976971511170129 
183.330695 0.977215981525087 
183.8605525 0.977457856583631 
184.39041 0.97769716389742 
184.9202675 0.977933930725623 
185.450125 0.978168184038025 
185.9799825 0.978399950518102 
186.50984 0.978629256566056 
187.0396975 0.978856128301826 
187.569555 0.979080591568062 
188.0994125 0.979302671933067 
188.62927 0.979522394693712 
189.1591275 0.979739784878317 
189.688985 0.979954867249501 
190.2188425 0.980167666307002 
190.7487 0.980378206290471 
191.2785575 0.98058651118223 
191.808415 0.980792604710003 
192.3382725 0.980996510349624 
192.86813 0.981198251327704 
193.3979875 0.981397850624284 
193.927845 0.981595330975445 
194.4577025 0.981790714875907 
194.98756 0.98198402458158 
195.5174175 0.98217528211211 
196.047275 0.982364509253381 
196.5771325 0.982551727559998 
197.10699 0.982736958357742 
197.6368475 0.982920222746 
198.166705 0.983101541600169 
198.6965625 0.983280935574032 
199.22642 0.98345842510211 
199.7562775 0.983634030401994 
200.286135 0.983807771476643 
200.8159925 0.983979668116665 
201.34585 0.984149739902573 
201.8757075 0.98431800620701 
202.405565 0.984484486196962 
202.9354225 0.984649198835937 
203.46528 0.984812162886127 
203.9951375 0.984973396910543 
204.524995 0.985132919275133 
205.0548525 0.985290748150872 
205.58471 0.985446901515831 
206.1145675 0.985601397157227 
206.644425 0.985754252673448 
207.1742825 0.985905485476055 
207.70414 0.986055112791771 
208.2339975 0.98620315166444 
208.763855 0.986349618956966 
209.2937125 0.98649453135324 
209.82357 0.986637905360033 
210.3534275 0.986779757308884 
210.883285 0.986920103357954 
211.4131425 0.987058959493869 
211.943 0.987196341533543 
