0.00985229644301159  -3.23390394101108 
0.0298529631496812  -1.72253047236011 
0.0502618347808883  -0.341142748872016 
0.0710959216837302  1.00191304320375 
0.0923733201310152  2.3337971182794 
0.114113306767421  3.6674721757332 
0.136336443552131  5.01067166886533 
0.159064694629687  6.3687205208711 
0.182321556793955  7.74568875891804 
0.206132205487673  9.14494693914914 
0.230523658611832  10.5694666821178 
0.25552496081725  12.0219991381275 
0.281167391430587  13.5051899536932 
0.307484699747961  15.0216592692243 
0.33451337213588  16.5740618156731 
0.362292936242956  18.1651356546675 
0.390866308687012  19.7977447534816 
0.420280193893305  21.4749187916704 
0.450585543388634  23.199892620586 
0.481838086892738  24.9761472815652 
0.51409894911096  26.8074542529418 
0.547435369378552  28.6979245489676 
0.581921545449721  30.6520643921899 
0.6176396280518  32.6748394106377 
0.654680899732149  34.771749678517 
0.693147180559945  36.9489184478943 
0.733152515173645  39.2131981521131 
0.774825211574212  41.572298266626 
0.818310323513951  44.034940990297 
0.863772697590709  46.6110526099061 
0.911400746579963  49.3120010567724 
0.961411167154625  52.1508938966164 
1.01405490064005  55.1429563343381 
1.06962475179486  58.3060165829689 
1.12846525181779  61.6611374509231 
1.19098560879912  65.2334503902759 
1.2576769832978  69.0532751297904 
1.32913594727994  73.1576506349017 
1.40609698841607  77.5924726573751 
1.48947859735512  82.4155502655478 
1.58045037556085  87.7010985244654 
1.68053383411783  93.546558187575 
1.79175946922806  100.083350324865 
1.91692261218206  107.494634527042 
2.06002345582273  116.046338726249 
2.2270775404859  126.145397093055 
2.42774823594805  138.459764606245 
2.67906266422896  154.199600415905 
3.01553490085017  175.913526090553 
3.52636052461616  210.589448981433 
