0.00249066131245192  162.366244341412 
0.00749067172915763  165.175686369909 
0.0125158079318306  167.70060792471 
0.0175663237178992  170.114440155816 
0.0226424767497598  172.467577172678 
0.0277445286336553  174.783093533644 
0.0328727450005748  177.073865878798 
0.0380273955892393  179.347965659117 
0.0432087543312368  181.61086179371 
0.048417099438375  183.866474634114 
0.0536527134923201  186.117738067262 
0.0589158835365947  188.366924147958 
0.0642069011710103  190.615842420971 
0.0695260626486102  192.8659684058 
0.0748736689752055  195.118529771346 
0.080250026011586  197.37456607336 
0.0856554445784939  199.634971338402 
0.0910902405644508  201.900525156259 
0.0965547350365295  204.171915859302 
0.10204925435417  206.449758121119 
0.10757413028614  208.734606535884 
0.113129700130742  211.026966248851 
0.118716306839382  213.327301387222 
0.124334299143605  215.636041825792 
0.129984031685724  217.953588675 
0.135665865153155  220.280318776852 
0.141380166416594  222.6165884219 
0.147127308672162  224.962736448477 
0.152907671587661  227.319086847521 
0.158721641453081  229.685950968371 
0.164569611335504  232.063629399987 
0.170451981238571  234.452413586306 
0.176369158266659  236.852587222378 
0.182321556793955  239.264427468666 
0.188309598638577  241.68820601366 
0.194333713241958  244.124190009355 
0.200394337853649  246.572642899634 
0.206491917721768  249.033825158093 
0.212626906289284  251.507994948981 
0.218799765396364  253.99540872266 
0.225010965489005  256.496321755124 
0.231260985834177  259.010988639614 
0.23755031474174  261.539663737143 
0.243879449793388  264.082601591687 
0.250248898078868  266.640057315 
0.256659176439787  269.212286945298 
0.263110811721276  271.799547783453 
0.269604341031824  274.402098709877 
0.27614031201161  277.020200484853 
0.282719283109652  279.654116034737 
0.289341823870145  282.304110726127 
0.296008515228335  284.970452629908 
0.302719949816321  287.653412776805 
0.309476732279201  290.353265405955 
0.316279479601954  293.070288207813 
0.323128821447529  295.804762562613 
0.330025400506589  298.556973775459 
0.3369698728594  301.327211309059 
0.343962908350371  304.115769015019 
0.351005190975783  306.922945364541 
0.358097419285275  309.74904367932 
0.365240306797655  312.594372363398 
0.372434582431683  315.459245136656 
0.37968099095245  318.343981270637 
0.386980293434061  321.248905827332 
0.39433326773932  324.174349901554 
0.401740709017182  327.120650867509 
0.409203430218771  330.088152630159 
0.416722262632799  333.077205881952 
0.424298056441256  336.088168365523 
0.431931681296328  339.121405142927 
0.439624026919483  342.177288872008 
0.447376003723801  345.256200090481 
0.455188543460595  348.358527508337 
0.463062599891501  351.484668309187 
0.470999149487237  354.635028461164 
0.478999192154313  357.810023038039 
0.487063751991044  361.010076551222 
0.495193878074294  364.235623293325 
0.503390645278472  367.487107694027 
0.511655155128366  370.764984688976 
0.51998853668751  374.069720102511 
0.52839194748389  377.401791045035 
0.536866574474862  380.761686325885 
0.54541363505332  384.149906882605 
0.554034378097228  387.566966227575 
0.562730085064781  391.013390912992 
0.571502071137618  394.489721015262 
0.580351686414601  397.996510639918 
0.589280317158902  401.53432844824 
0.598289387101268  405.103758206838 
0.60738035880252  408.705399361513 
0.616554735078561  412.339867636811 
0.625814060491358  416.007795662757 
0.635159922909596  419.709833630376 
0.644593955142955  423.446649977666 
0.65411783665421  427.218932107859 
0.663733295353652  431.027387141868 
0.673442109480613  434.872742706975 
0.683246109577234  438.755747763968 
0.693147180559945  442.677173475045 
0.703147263894529  446.637814115007 
0.713248359881032  450.638488028416 
0.723452530055274  454.680038635584 
0.733761899714136  458.763335490487 
0.744178660572391  462.889275393893 
0.754705073559379  467.058783565268 
0.765343471764434  471.27281487726 
0.776096263540696  475.532355156875 
0.7869659357776  479.838422557752 
0.797955057353195  484.192069008304 
0.809066282778266  488.594381740845 
0.820302356045192  493.046484907248 
0.831666114695507  497.549541287111 
0.843160494121242  502.104754094888 
0.854788532116361  506.713368893002 
0.866553373695948  511.376675618484 
0.878458276202266  516.096010731386 
0.890506614718441  520.872759493848 
0.902701887812259  525.708358389518 
0.915047723634558  530.604297693848 
0.927547886398789  535.562124206705 
0.940206283270713  540.583444159791 
0.953026971699775  545.669926312465 
0.966014167226586  550.823305250843 
0.979172251804097  556.045384906399 
0.992505782673562  561.338042311847 
1.00601950184028  566.703231613769 
1.01971834619845  572.142988363353 
1.03360745835911  577.659434108685 
1.04769219824085  583.254781314398 
1.06197815548833  588.931338637056 
1.0764711627909  594.691516587614 
1.09117731018059  600.537833615491 
1.10610296039727  606.472922652494 
1.12125476541787  612.499538158916 
1.13663968425735  618.620563718716 
1.15226500216043  624.839020235921 
1.16813835131672  631.158074790212 
1.1842677332466  637.5810502163 
1.20066154302228  644.111435479177 
1.21732859550749  650.752896925865 
1.23427815382127  657.509290503922 
1.25151996025577  664.384675048041 
1.26906426990668  671.38332674862 
1.28692188730669  678.509754930627 
1.30510420638988  685.768719287595 
1.32362325415712  693.165248734599 
1.3424917384615  700.70466206598 
1.36172310038939  708.392590628895 
1.38133157177776  716.235003253112 
1.40133223848443  724.238233711583 
1.42174111011564  732.409011026012 
1.44257519701848  740.75449297812 
1.46385259546577  749.282303241688 
1.48559258210217  758.000572614493 
1.50781571888688  766.91798490481 
1.53054396996444  776.043828116574 
1.5538008321287  785.388051683615 
1.57761148082242  794.961330630224 
1.60200293394658  804.775137687171 
1.627004236152  814.841824575018 
1.65264666676534  825.174713887241 
1.67896397508271  835.788203273437 
1.70599264747063  846.697883949402 
1.73377221157771  857.920675960933 
1.76234558402176  869.474983121054 
1.79175946922806  881.380871150861 
1.82206481872338  893.660273314922 
1.85331736222749  906.337228795907 
1.88557822444571  919.43816025685 
1.9189146447133  932.992198569146 
1.95340082078447  947.031564642847 
1.98911890338655  961.592020822899 
2.0261601750669  976.713407603301 
2.06462645589469  992.440285728381 
2.1046317905084  1008.82270947308 
2.14630448690896  1025.91716455821 
2.1897895988487  1043.78771453479 
2.23525197292546  1062.50741369415 
2.28288002191471  1082.16006430446 
2.33289044248938  1102.84242377188 
2.3855341759748  1124.66700706382 
2.44110402712961  1147.76568750367 
2.49994452715254  1172.29438459634 
2.56246488413387  1198.43925683521 
2.62915625863255  1226.42501731173 
2.70061522261469  1256.52630684617 
2.77757626375082  1289.08357632214 
2.86095787268987  1324.52580095406 
2.9519296508956  1363.4038722202 
3.05201310945258  1406.44129271513 
3.16323874456281  1454.61413319935 
3.28840188751681  1509.28307805159 
3.43150273115748  1572.42418969074 
3.59855681582065  1647.06208402614 
3.7992275112828  1738.16275360937 
4.05054193956371  1854.72575702931 
4.38701417618492  2015.71012621356 
4.89783979995091  2273.1169185327 
