126.114
582.368
136.959
689.687
659.264
331.331
304.082
606.293
605.753
613.994
279.435
680.563
262.251
152.864
267.188
126.551
736.92
292.997
279.989
157.526
670.12
687.614
653.87
261.776
150.855
507.243
683.228
261.508
131.767
263.619
682.94
719.071
612.633
281.514
159.931
654.205
282.456
368.118
130.038
262.872
714.211
260.675
532.974
394.558
129.482
279.656
440.749
253.144
615.141
116.744
720.972
711.449
612.76
423.019
258.222
671.186
140.115
132.264
283.308
695.16
668.622
738.126
128.815
267.257
473.922
156.33
725.976
271.35
643.096
546.466
267.251
571.102
433.015
606.68
639.506
748.96
604.571
646.243
580.154
738.887
396.584
688.947
620.84
126.528
419.969
662.51
728.577
725.338
682.226
402.063
531.092
402.824
254.844
656.041
701.607
101.967
699.711
275.266
675.935
246.611
130.025
603.064
400.538
633.76
402.052
630.223
701.673
659.531
296.495
102.467
698.355
416.594
460.12
130.826
725.12
757.89
603.969
705.71
679.517
130.585
571.906
651.081
631.164
704.615
683.997
703.8
540.334
287.858
719.285
555.695
666.266
667.423
414.013
381.166
706.556
313.349
113.624
684.901
666.535
714.041
692.357
668.528
669.275
113.1
673.176
639.983
665.46
440.241
127.027
673.212
676.63
417.992
257.125
686.465
273.061
511.595
283.558
112.954
703.62
270.015
378.765
632.067
582.009
116.089
126.346
654.019
116.658
143.165
127.186
384.899
263.245
115.185
117.7
671.663
775.035
311.47
671.999
126.894
709.58
144.928
668.348
681.293
665.735
674.631
661.044
134.775
264.022
148.614
717.414
119.562
302.296
590.651
668.148
661.372
710.691
521.055
273.957
653.959
293.826
268.337