1.9375875 -0.533601637633693 
3.875175 -0.525590826690623 
5.8127625 -0.517621860442023 
7.75035 -0.509694520310963 
9.6879375 -0.501808588862259 
11.625525 -0.493963849796501 
13.5631125 -0.486160087944129 
15.5007 -0.478397089259524 
17.4382875 -0.470674640815144 
19.375875 -0.462992530795676 
21.3134625 -0.455350548492233 
23.25105 -0.44774848429657 
25.1886375 -0.440186129695338 
27.126225 -0.432663277264361 
29.0638125 -0.425179720662953 
31.0014 -0.41773525462825 
32.9389875 -0.410329674969587 
34.876575 -0.402962778562893 
36.8141625 -0.395634363345122 
38.75175 -0.388344228308712 
40.6893375 -0.381092173496065 
42.626925 -0.373877999994072 
44.5645125 -0.366701509928647 
46.5021 -0.359562506459311 
48.4396875 -0.352460793773781 
50.377275 -0.345396177082608 
52.3148625 -0.338368462613831 
54.25245 -0.331377457607661 
56.1900375 -0.324422970311197 
58.127625 -0.317504809973162 
60.0652125 -0.310622786838676 
62.0028 -0.303776712144047 
63.9403875 -0.296966398111598 
65.877975 -0.290191657944511 
67.8155625 -0.283452305821709 
69.75315 -0.276748156892754 
71.6907375 -0.270079027272781 
73.628325 -0.263444734037453 
75.5659125 -0.256845095217943 
77.5035 -0.250279929795942 
79.4410875 -0.243749057698698 
81.378675 -0.23725229979407 
83.3162625 -0.230789477885623 
85.25385 -0.224360414707733 
87.1914375 -0.21796493392073 
89.129025 -0.211602860106058 
91.0666125 -0.205274018761463 
93.0042 -0.198978236296214 
94.9417875 -0.192715340026329 
96.879375 -0.186485158169851 
98.8169625 -0.180287519842127 
100.75455 -0.174122255051129 
102.6921375 -0.167989194692783 
104.629725 -0.161888170546336 
106.5673125 -0.155819015269743 
108.5049 -0.149781562395072 
110.4424875 -0.143775646323942 
112.380075 -0.13780110232298 
114.3176625 -0.131857766519303 
116.25525 -0.125945475896021 
118.1928375 -0.120064068287767 
120.130425 -0.114213382376253 
122.0680125 -0.108393257685836 
124.0056 -0.102603534579127 
125.9431875 -0.0968440542526035 
127.880775 -0.0911146587322609 
129.8183625 -0.0854151908692742 
131.75595 -0.0797454943356901 
133.6935375 -0.0741054136201391 
135.631125 -0.0684947940235692 
137.5687125 -0.0629134816550032 
139.5063 -0.0573613234273183 
141.4438875 -0.0518381670530461 
143.381475 -0.0463438610401958 
145.3190625 -0.0408782546880999 
147.25665 -0.0354411980832796 
149.1942375 -0.0300325420953336 
151.131825 -0.0246521383728469 
153.0694125 -0.0192998393393229 
155.007 -0.0139754981891345 
156.9445875 -0.00867896888349806 
158.882175 -0.00341010614646775 
160.8197625 0.00183123453904976 
162.75735 0.00704519693525818 
164.6949375 0.0122319240534157 
166.632525 0.0173915581577571 
168.5701125 0.0225242407693957 
170.5077 0.0276301126702062 
172.4452875 0.0327093139066842 
174.382875 0.037761983793789 
176.3204625 0.0427882609187644 
178.25805 0.0477882831449398 
180.1956375 0.0527621876155115 
182.133225 0.0577101107573048 
184.0708125 0.0626321882845153 
186.0084 0.067528555202432 
187.9459875 0.0723993458111397 
189.883575 0.0772446937092035 
191.8211625 0.082064731797332 
193.75875 0.0868595922820236 
195.6963375 0.0916294066791925 
197.633925 0.0963743058177756 
199.5715125 0.101094419843321 
201.5091 0.105789878221559 
203.4466875 0.11046080974195 
205.384275 0.115107342521222 
207.3218625 0.119729604006878 
209.25945 0.124327720980699 
211.1970375 0.128901819562215 
213.134625 0.133452025212169 
215.0722125 0.137978462735956 
217.0098 0.142481256287045 
218.9473875 0.146960529370389 
220.884975 0.151416404845805 
222.8225625 0.155849004931353 
224.76015 0.16025845120668 
226.6977375 0.164644864616361 
228.635325 0.169008365473211 
230.5729125 0.173349073461589 
232.5105 0.177667107640681 
234.4480875 0.181962586447761 
236.385675 0.186235627701445 
238.3232625 0.190486348604918 
240.26085 0.194714865749153 
242.1984375 0.198921295116105 
244.136025 0.203105752081896 
246.0736125 0.207268351419976 
248.0112 0.211409207304273 
249.9487875 0.215528433312325 
251.886375 0.219626142428393 
253.8239625 0.223702447046564 
255.76155 0.227757458973829 
257.6991375 0.231791289433154 
259.636725 0.235804049066527 
261.5743125 0.239795847937995 
263.5119 0.243766795536683 
265.4494875 0.247717000779797 
267.387075 0.251646572015608 
269.3246625 0.255555617026431 
271.26225 0.259444243031574 
273.1998375 0.263312556690283 
275.137425 0.267160664104666 
277.0750125 0.270988670822604 
279.0126 0.274796681840646 
280.9501875 0.278584801606889 
282.887775 0.28235313402384 
284.8253625 0.286101782451271 
286.76295 0.289830849709052 
288.7005375 0.293540438079966 
290.638125 0.297230649312525 
292.5757125 0.30090158462375 
294.5133 0.304553344701954 
296.4508875 0.308186029709502 
298.388475 0.311799739285558 
300.3260625 0.315394572548818 
302.26365 0.318970628100228 
304.2012375 0.32252800402569 
306.138825 0.326066797898751 
308.0764125 0.329587106783281 
310.014 0.333089027236132 
311.9515875 0.336572655309791 
313.889175 0.340038086555012 
315.8267625 0.343485416023434 
317.76435 0.346914738270193 
319.7019375 0.350326147356516 
321.639525 0.353719736852295 
323.5771125 0.357095599838659 
325.5147 0.360453828910523 
327.4522875 0.363794516179133 
329.389875 0.367117753274588 
331.3274625 0.370423631348353 
333.26505 0.373712241075762 
335.2026375 0.376983672658505 
337.140225 0.3802380158271 
339.0778125 0.383475359843354 
341.0154 0.386695793502815 
342.9529875 0.389899405137202 
344.890575 0.393086282616833 
346.8281625 0.396256513353033 
348.76575 0.39941018430053 
350.7033375 0.402547381959842 
352.640925 0.40566819237965 
354.5785125 0.408772701159157 
356.5161 0.411860993450436 
358.4536875 0.414933153960765 
360.391275 0.417989266954952 
362.3288625 0.421029416257645 
364.26645 0.424053685255633 
366.2040375 0.42706215690013 
368.141625 0.430054913709053 
370.0792125 0.433032037769284 
372.0168 0.435993610738922 
373.9543875 0.438939713849522 
375.891975 0.441870427908325 
377.8295625 0.444785833300473 
379.76715 0.447686009991212 
381.7047375 0.450571037528089 
383.642325 0.453440995043132 
385.5799125 0.456295961255021 
387.5175 0.459136014471247 
389.4550875 0.461961232590257 
391.392675 0.464771693103596 
393.3302625 0.46756747309803 
395.26785 0.470348649257658 
397.2054375 0.473115297866018 
399.143025 0.475867494808181 
401.0806125 0.478605315572828 
403.0182 0.481328835254322 
404.9557875 0.484038128554772 
406.893375 0.486733269786075 
408.8309625 0.48941433287196 
410.76855 0.492081391350011 
412.7061375 0.494734518373689 
414.643725 0.497373786714334 
416.5813125 0.499999268763163 
418.5189 0.502611036533257 
420.4564875 0.505209161661534 
422.394075 0.507793715410712 
424.3316625 0.510364768671271 
426.26925 0.512922391963388 
428.2068375 0.515466655438879 
430.144425 0.517997628883118 
432.0820125 0.520515381716955 
434.0196 0.523019982998617 
435.9571875 0.525511501425603 
437.894775 0.52799000533657 
439.8323625 0.530455562713206 
441.76995 0.532908241182094 
443.7075375 0.535348108016567 
445.645125 0.537775230138556 
447.5827125 0.540189674120422 
449.5203 0.542591506186783 
451.4578875 0.544980792216333 
453.395475 0.547357597743643 
455.3330625 0.549721987960967 
457.27065 0.552074027720022 
459.2082375 0.554413781533772 
461.145825 0.556741313578194 
463.0834125 0.559056687694041 
465.021 0.561359967388594 
466.9585875 0.563651215837399 
468.896175 0.565930495886003 
470.8337625 0.568197870051679 
472.77135 0.570453400525139 
474.7089375 0.57269714917224 
476.646525 0.57492917753568 
478.5841125 0.577149546836688 
480.5217 0.579358317976701 
482.4592875 0.581555551539038 
484.396875 0.583741307790558 
486.3344625 0.585915646683312 
488.27205 0.588078627856195 
490.2096375 0.590230310636572 
492.147225 0.592370754041912 
494.0848125 0.594500016781403 
496.0224 0.596618157257567 
497.9599875 0.598725233567855 
499.897575 0.600821303506247 
501.8351625 0.602906424564833 
503.77275 0.604980653935393 
505.7103375 0.607044048510963 
507.647925 0.609096664887398 
509.5855125 0.611138559364919 
511.5231 0.613169787949667 
513.4606875 0.615190406355229 
515.398275 0.617200470004173 
517.3358625 0.619200034029564 
519.27345 0.621189153276479 
521.2110375 0.623167882303509 
523.148625 0.625136275384258 
525.0862125 0.627094386508829 
527.0238 0.629042269385309 
528.9613875 0.630979977441235 
530.898975 0.632907563825068 
532.8365625 0.634825081407643 
534.77415 0.636732582783625 
536.7117375 0.638630120272948 
538.649325 0.640517745922253 
540.5869125 0.642395511506313 
542.5245 0.644263468529452 
544.4620875 0.646121668226964 
546.399675 0.64797016156651 
548.3372625 0.649808999249522 
550.27485 0.651638231712592 
552.2124375 0.653457909128854 
554.150025 0.655268081409361 
556.0876125 0.657068798204456 
558.0252 0.65886010890513 
559.9627875 0.660642062644379 
561.900375 0.662414708298554 
563.8379625 0.664178094488695 
565.77555 0.665932269581872 
567.7131375 0.667677281692507 
569.650725 0.669413178683695 
571.5883125 0.671140008168516 
573.5259 0.672857817511342 
575.4634875 0.674566653829139 
577.401075 0.676266563992751 
579.3386625 0.677957594628194 
581.27625 0.679639792117932 
583.2138375 0.681313202602147 
585.151425 0.682977871980008 
587.0890125 0.684633845910929 
589.0266 0.686281169815818 
590.9641875 0.687919888878328 
592.901775 0.689550048046093 
594.8393625 0.691171692031962 
596.77695 0.692784865315226 
598.7145375 0.694389612142835 
600.652125 0.695985976530617 
602.5897125 0.697574002264479 
604.5273 0.699153732901613 
606.4648875 0.700725211771688 
608.402475 0.70228848197804 
610.3400625 0.703843586398851 
612.27765 0.705390567688332 
614.2152375 0.706929468277885 
616.152825 0.708460330377272 
618.0904125 0.70998319597577 
620.028 0.711498106843326 
621.9655875 0.713005104531697 
623.903175 0.714504230375596 
625.8407625 0.715995525493822 
627.77835 0.717479030790391 
629.7159375 0.718954786955651 
631.653525 0.720422834467407 
633.5911125 0.721883213592025 
635.5287 0.723335964385541 
637.4662875 0.724781126694753 
639.403875 0.726218740158322 
641.3414625 0.727648844207853 
643.27905 0.72907147806898 
645.2166375 0.73048668076244 
647.154225 0.731894491105146 
649.0918125 0.733294947711248 
651.0294 0.734688088993193 
652.9669875 0.736073953162783 
654.904575 0.737452578232216 
656.8421625 0.738824002015133 
658.77975 0.740188262127657 
660.7173375 0.741545395989419 
662.654925 0.742895440824588 
664.5925125 0.744238433662894 
666.5301 0.745574411340638 
668.4676875 0.746903410501707 
670.405275 0.748225467598578 
672.3428625 0.749540618893317 
674.28045 0.750848900458574 
676.2180375 0.752150348178573 
678.155625 0.753444997750094 
680.0932125 0.754732884683457 
682.0308 0.75601404430349 
683.9683875 0.757288511750503 
685.905975 0.758556321981247 
687.8435625 0.759817509769878 
689.78115 0.761072109708906 
691.7187375 0.762320156210149 
693.656325 0.76356168350567 
695.5939125 0.764796725648724 
697.5315 0.766025316514685 
699.4690875 0.767247489801979 
701.406675 0.768463279033006 
703.3442625 0.769672717555064 
705.28185 0.770875838541257 
707.2194375 0.772072674991411 
709.157025 0.773263259732975 
711.0946125 0.774447625421922 
713.0322 0.775625804543649 
714.9697875 0.776797829413861 
716.907375 0.777963732179462 
718.8449625 0.779123544819438 
720.78255 0.78027729914573 
722.7201375 0.781425026804106 
724.657725 0.782566759275037 
726.5953125 0.783702527874551 
728.5329 0.784832363755096 
730.4704875 0.785956297906395 
732.408075 0.787074361156296 
734.3456625 0.788186584171617 
736.28325 0.789292997458985 
738.2208375 0.790393631365676 
740.158425 0.791488516080447 
742.0960125 0.792577681634363 
744.0336 0.793661157901618 
745.9711875 0.794738974600362 
747.908775 0.795811161293508 
749.8463625 0.796877747389547 
751.78395 0.797938762143354 
753.7215375 0.798994234656992 
755.659125 0.800044193880507 
757.5967125 0.801088668612722 
759.5343 0.802127687502032 
761.4718875 0.803161279047184 
763.409475 0.804189471598061 
765.3470625 0.805212293356462 
767.28465 0.80622977237687 
769.2222375 0.807241936567226 
771.159825 0.808248813689694 
773.0974125 0.80925043136142 
775.035 0.810246817055291 
