0.00249066131245192  161.06310625165 
0.00749067172915763  162.912935164604 
0.0125158079318306  164.77205973926 
0.0175663237178992  166.640573871787 
0.0226424767497598  168.518572888257 
0.0277445286336553  170.406153573826 
0.0328727450005748  172.303414202666 
0.0380273955892393  174.210454568668 
0.0432087543312368  176.127376016933 
0.048417099438375  178.054281476096 
0.0536527134923201  179.991275491487 
0.0589158835365947  181.938464259167 
0.0642069011710103  183.895955660862 
0.0695260626486102  185.863859299834 
0.0748736689752055  187.842286537701 
0.080250026011586  189.831350532254 
0.0856554445784939  191.831166276291 
0.0910902405644508  193.841850637515 
0.0965547350365295  195.863522399508 
0.10204925435417  197.896302303845 
0.10757413028614  199.940313093361 
0.113129700130742  201.995679556627 
0.118716306839382  204.062528573664 
0.124334299143605  206.140989162942 
0.129984031685724  208.231192529708 
0.135665865153155  210.333272115687 
0.141380166416594  212.447363650201 
0.147127308672162  214.573605202755 
0.152907671587661  216.712137237155 
0.158721641453081  218.863102667179 
0.164569611335504  221.026646913895 
0.170451981238571  223.202917964656 
0.176369158266659  225.392066433838 
0.182321556793955  227.59424562539 
0.188309598638577  229.809611597258 
0.194333713241958  232.038323227747 
0.200394337853649  234.280542283893 
0.206491917721768  236.53643349192 
0.212626906289284  238.806164609861 
0.218799765396364  241.089906502421 
0.225010965489005  243.387833218157 
0.231260985834177  245.70012206908 
0.23755031474174  248.026953712753 
0.243879449793388  250.368512236992 
0.250248898078868  252.724985247264 
0.256659176439787  255.096563956878 
0.263110811721276  257.4834432801 
0.269604341031824  259.885821928278 
0.27614031201161  262.303902509118 
0.282719283109652  264.737891629217 
0.289341823870145  267.188 
0.296008515228335  269.654442547182 
0.302719949816321  272.137438523905 
0.309476732279201  274.637211627699 
0.316279479601954  277.15399012142 
0.323128821447529  279.688006958328 
0.330025400506589  282.239499911481 
0.3369698728594  284.808711707624 
0.343962908350371  287.39589016575 
0.351005190975783  290.001288340552 
0.358097419285275  292.625164670956 
0.365240306797655  295.267783133955 
0.372434582431683  297.929413403987 
0.37968099095245  300.610331018079 
0.386980293434061  303.31081754702 
0.39433326773932  306.031160772831 
0.401740709017182  308.771654872806 
0.409203430218771  311.532600610416 
0.416722262632799  314.3143055334 
0.424298056441256  317.117084179347 
0.431931681296328  319.94125828914 
0.439624026919483  322.78715702859 
0.447376003723801  325.655117218685 
0.455188543460595  328.54548357481 
0.463062599891501  331.458608955399 
0.470999149487237  334.394854620454 
0.478999192154313  337.354590500399 
0.487063751991044  340.338195475777 
0.495193878074294  343.346057668325 
0.503390645278472  346.378574743965 
0.511655155128366  349.436154228328 
0.51998853668751  352.519213835419 
0.52839194748389  355.628181810092 
0.536866574474862  358.763497285039 
0.54541363505332  361.925610653037 
0.554034378097228  365.114983955237 
0.562730085064781  368.332091286336 
0.571502071137618  371.577419217522 
0.580351686414601  374.851467238139 
0.589280317158902  378.154748217056 
0.598289387101268  381.487788884837 
0.60738035880252  384.851130337813 
0.616554735078561  388.245328565287 
0.625814060491358  391.670955001146 
0.635159922909596  395.128597101246 
0.644593955142955  398.618858948041 
0.65411783665421  402.142361883995 
0.663733295353652  405.699745175459 
0.673442109480613  409.29166670877 
0.683246109577234  412.918803720472 
0.693147180559945  416.581853563694 
0.703147263894529  420.281534512848 
0.713248359881032  424.018586608964 
0.723452530055274  427.793772548166 
0.733761899714136  431.607878615939 
0.744178660572391  435.461715670067 
0.754705073559379  439.356120175297 
0.765343471764434  443.291955293055 
0.776096263540696  447.270112029737 
0.7869659357776  451.291510447422 
0.797955057353195  455.35710094111 
0.809066282778266  459.467865586913 
0.820302356045192  463.624819566004 
0.831666114695507  467.829012669471 
0.843160494121242  472.081530889661 
0.854788532116361  476.383498104055 
0.866553373695948  480.736077858193 
0.878458276202266  485.140475254747 
0.890506614718441  489.597938956384 
0.902701887812259  494.109763310776 
0.915047723634558  498.677290606792 
0.927547886398789  503.301913471704 
0.940206283270713  507.985077420141 
0.953026971699775  512.728283566434 
0.966014167226586  517.533091513115 
0.979172251804097  522.401122429459 
0.992505782673562  527.334062335281 
1.00601950184028  532.33366560663 
1.01971834619845  537.401758721618 
1.03360745835911  542.540244266411 
1.04769219824085  547.751105223344 
1.06197815548833  553.036409565372 
1.0764711627909  558.39831518348 
1.09117731018059  563.839075176443 
1.10610296039727  569.361043535387 
1.12125476541787  574.96668125904 
1.13663968425735  580.658562939451 
1.15226500216043  586.439383862271 
1.16813835131672  592.311967670617 
1.1842677332466  598.279274647075 
1.20066154302228  604.344410674628 
1.21732859550749  610.510636944447 
1.23427815382127  616.781380486471 
1.25151996025577  623.160245607938 
1.26906426990668  629.651026335439 
1.28692188730669  636.257719968041 
1.30510420638988  642.984541862703 
1.32362325415712  649.83594158894 
1.3424917384615  656.816620607776 
1.36172310038939  663.931551650883 
1.38133157177776  671.186 
1.40133223848443  678.585546894688 
1.42174111011564  686.136115329111 
1.44257519701848  693.843998536533 
1.46385259546577  701.715891504738 
1.48559258210217  709.758925917803 
1.50781571888688  717.980708981199 
1.53054396996444  726.389366659923 
1.5538008321287  734.993591945593 
1.57761148082242  743.802698871182 
1.60200293394658  752.826683114748 
1.627004236152  762.076290180875 
1.65264666676534  771.563092326021 
1.67896397508271  781.299575608922 
1.70599264747063  791.299238708596 
1.73377221157771  801.57670547203 
1.76234558402176  812.147853546242 
1.79175946922806  823.029961934478 
1.82206481872338  834.241880918949 
1.85331736222749  845.80422854608 
1.88557822444571  857.739618818205 
1.9189146447133  870.072927936787 
1.95340082078447  882.831606474838 
1.98911890338655  896.046047327167 
2.0261601750669  909.750021842488 
2.06462645589469  923.981199883898 
2.1046317905084  938.781773977413 
2.14630448690896  954.199213594127 
2.1897895988487  970.287183547227 
2.23525197292546  987.106671310234 
2.28288002191471  1004.72738301786 
2.33289044248938  1023.22948885725 
2.3855341759748  1042.70582833882 
2.44110402712961  1063.26472897856 
2.49994452715254  1085.03365526547 
2.56246488413387  1108.16399987552 
2.62915625863255  1132.83747503071 
2.70061522261469  1159.27479148553 
2.77757626375082  1187.74768397971 
2.86095787268987  1218.59596191703 
2.9519296508956  1252.25233691686 
3.05201310945258  1289.27971484562 
3.16323874456281  1330.42930825468 
3.28840188751681  1376.73529191801 
3.43150273115748  1429.67759722804 
3.59855681582065  1491.48176363625 
3.7992275112828  1565.72289985632 
4.05054193956371  1658.70044528765 
4.38701417618492  1783.18340028879 
4.89783979995091  1972.1710082271 
