0.00249066131245192  212.843208563491 
0.00749067172915763  213.038938629814 
0.0125158079318306  213.2148465355 
0.0175663237178992  213.383014996672 
0.0226424767497598  213.546954903495 
0.0277445286336553  213.708273829568 
0.0328727450005748  213.867868873174 
0.0380273955892393  214.026302361501 
0.0432087543312368  214.183955306823 
0.048417099438375  214.341100834786 
0.0536527134923201  214.497943345366 
0.0589158835365947  214.654641129581 
0.0642069011710103  214.811320255993 
0.0695260626486102  214.968083522071 
0.0748736689752055  215.125016457864 
0.080250026011586  215.282191487831 
0.0856554445784939  215.439670897605 
0.0910902405644508  215.597509000164 
0.0965547350365295  215.755753750702 
0.10204925435417  215.914447972705 
0.10757413028614  216.073630304009 
0.113129700130742  216.233335937406 
0.118716306839382  216.393597208018 
0.124334299143605  216.554444064646 
0.129984031685724  216.715904452117 
0.135665865153155  216.878004624511 
0.141380166416594  217.040769404113 
0.147127308672162  217.204222397336 
0.152907671587661  217.368386176195 
0.158721641453081  217.533282431982 
0.164569611335504  217.698932106327 
0.170451981238571  217.86535550374 
0.176369158266659  218.032572388876 
0.182321556793955  218.200602071132 
0.188309598638577  218.369463478682 
0.194333713241958  218.539175223648 
0.200394337853649  218.709755659813 
0.206491917721768  218.881222934024 
0.212626906289284  219.053595032238 
0.218799765396364  219.226889821009 
0.225010965489005  219.401125085074 
0.231260985834177  219.576318561603 
0.23755031474174  219.752487971588 
0.243879449793388  219.929651048767 
0.250248898078868  220.107825566433 
0.256659176439787  220.287029362428 
0.263110811721276  220.467280362559 
0.269604341031824  220.648596602677 
0.27614031201161  220.830996249602 
0.282719283109652  221.014497621062 
0.289341823870145  221.199119204792 
0.296008515228335  221.384879676933 
0.302719949816321  221.571797919831 
0.309476732279201  221.759893039362 
0.316279479601954  221.949184381846 
0.323128821447529  222.139691550669 
0.330025400506589  222.331434422656 
0.3369698728594  222.524433164285 
0.343962908350371  222.718708247805 
0.351005190975783  222.914280467305 
0.358097419285275  223.111170954802 
0.365240306797655  223.309401196393 
0.372434582431683  223.508993048521 
0.37968099095245  223.709968754408 
0.386980293434061  223.912350960688 
0.39433326773932  224.116162734294 
0.401740709017182  224.321427579634 
0.409203430218771  224.528169456107 
0.416722262632799  224.736412795988 
0.424298056441256  224.946182522725 
0.431931681296328  225.157504069705 
0.439624026919483  225.370403399501 
0.447376003723801  225.584907023665 
0.455188543460595  225.801042023103 
0.463062599891501  226.018836069066 
0.470999149487237  226.238317444809 
0.478999192154313  226.459515067967 
0.487063751991044  226.682458513682 
0.495193878074294  226.90717803854 
0.503390645278472  227.13370460536 
0.511655155128366  227.3620699089 
0.51998853668751  227.59230640252 
0.52839194748389  227.824447325862 
0.536866574474862  228.058526733618 
0.54541363505332  228.294579525438 
0.554034378097228  228.53264147704 
0.562730085064781  228.772749272613 
0.571502071137618  229.014940538556 
0.580351686414601  229.259253878661 
0.589280317158902  229.505728910797 
0.598289387101268  229.754406305204 
0.60738035880252  230.005327824467 
0.616554735078561  230.258536365293 
0.625814060491358  230.514076002168 
0.635159922909596  230.771992033031 
0.644593955142955  231.032331027063 
0.65411783665421  231.295140874727 
0.663733295353652  231.56047084019 
0.673442109480613  231.828371616272 
0.683246109577234  232.098895382068 
0.693147180559945  232.372095863417 
0.703147263894529  232.648028396381 
0.713248359881032  232.92674999393 
0.723452530055274  233.20831941603 
0.733761899714136  233.492797243341 
0.744178660572391  233.780245954773 
0.754705073559379  234.070730009129 
0.765343471764434  234.364315931107 
0.776096263540696  234.661072401956 
0.7869659357776  234.961070355077 
0.797955057353195  235.264383076915 
0.809066282778266  235.571086313491 
0.820302356045192  235.881258382961 
0.831666114695507  236.194980294623 
0.843160494121242  236.512335874818 
0.854788532116361  236.833411900213 
0.866553373695948  237.158298238996 
0.878458276202266  237.487088000548 
0.890506614718441  237.819877694231 
0.902701887812259  238.156767397936 
0.915047723634558  238.497860937161 
0.927547886398789  238.843266075381 
0.940206283270713  239.193094716611 
0.953026971699775  239.547463121081 
0.966014167226586  239.906492135085 
0.979172251804097  240.270307436115 
0.992505782673562  240.639039794527 
1.00601950184028  241.012825353099 
1.01971834619845  241.391805925957 
1.03360745835911  241.776129318519 
1.04769219824085  242.165949670234 
1.06197815548833  242.561427822114 
1.0764711627909  242.962731711234 
1.09117731018059  243.370036794592 
1.10610296039727  243.783526505025 
1.12125476541787  244.203392742095 
1.13663968425735  244.629836401237 
1.15226500216043  245.063067944792 
1.16813835131672  245.503308018964 
1.1842677332466  245.950788121199 
1.20066154302228  246.405751323019 
1.21732859550749  246.868453053915 
1.23427815382127  247.339161952592 
1.25151996025577  247.818160792633 
1.26906426990668  248.305747490499 
1.28692188730669  248.802236204826 
1.30510420638988  249.307958537093 
1.32362325415712  249.823264845083 
1.3424917384615  250.34852568208 
1.36172310038939  250.884133376504 
1.38133157177776  251.430503768737 
1.40133223848443  251.988078124263 
1.42174111011564  252.557325245021 
1.44257519701848  253.138743804084 
1.46385259546577  253.7328649326 
1.48559258210217  254.340255092371 
1.50781571888688  254.961519272696 
1.53054396996444  255.597304556382 
1.5538008321287  256.248304107166 
1.57761148082242  256.915261639707 
1.60200293394658  257.598976443802 
1.627004236152  258.300309047293 
1.65264666676534  259.020187617439 
1.67896397508271  259.759615219219 
1.70599264747063  260.519678071772 
1.73377221157771  261.301554972045 
1.76234558402176  262.106528089063 
1.79175946922806  262.93599537476 
1.82206481872338  263.791484890326 
1.85331736222749  264.674671413447 
1.88557822444571  265.587395775695 
1.9189146447133  266.531687485896 
1.95340082078447  267.509791331733 
1.98911890338655  268.524198827918 
2.0261601750669  269.577685608351 
2.06462645589469  270.673356160454 
2.1046317905084  271.814697698576 
2.14630448690896  273.005645507293 
2.1897895988487  274.25066280847 
2.23525197292546  275.554839196817 
2.28288002191471  276.924013064207 
2.33289044248938  278.364925369639 
2.3855341759748  279.885414880317 
2.44110402712961  281.494669034199 
2.49994452715254  283.203550534529 
2.56246488413387  285.02502879441 
2.62915625863255  286.974759274194 
2.70061522261469  289.071875832287 
2.77757626375082  291.340097226132 
2.86095787268987  293.809309584832 
2.9519296508956  296.517892780434 
3.05201310945258  299.516252270457 
3.16323874456281  302.872389598535 
3.28840188751681  306.681101824366 
3.43150273115748  311.08005857216 
3.59855681582065  316.279980784558 
3.7992275112828  322.626842516768 
4.05054193956371  330.747630971804 
4.38701417618492  341.963196531683 
4.89783979995091  359.896383271753 
