0.00249066131245192  212.752420676733 
0.00749067172915763  212.881295781521 
0.0125158079318306  213.010818502619 
0.0175663237178992  213.140995381649 
0.0226424767497598  213.271833059849 
0.0277445286336553  213.403338280113 
0.0328727450005748  213.535517889069 
0.0380273955892393  213.668378839226 
0.0432087543312368  213.801928191161 
0.048417099438375  213.936173115773 
0.0536527134923201  214.071120896597 
0.0589158835365947  214.206778932169 
0.0642069011710103  214.343154738466 
0.0695260626486102  214.480255951399 
0.0748736689752055  214.618090329383 
0.080250026011586  214.756665755971 
0.0856554445784939  214.895990242557 
0.0910902405644508  215.036071931157 
0.0965547350365295  215.176919097264 
0.10204925435417  215.318540152783 
0.10757413028614  215.460943649042 
0.113129700130742  215.604138279894 
0.118716306839382  215.748132884901 
0.124334299143605  215.892936452607 
0.129984031685724  216.038558123904 
0.135665865153155  216.185007195501 
0.141380166416594  216.332293123477 
0.147127308672162  216.48042552695 
0.152907671587661  216.629414191845 
0.158721641453081  216.779269074774 
0.164569611335504  216.930000307027 
0.170451981238571  217.081618198687 
0.176369158266659  217.234133242855 
0.182321556793955  217.387556120011 
0.188309598638577  217.541897702505 
0.194333713241958  217.697169059174 
0.200394337853649  217.853381460112 
0.206491917721768  218.010546381575 
0.212626906289284  218.16867551104 
0.218799765396364  218.327780752422 
0.225010965489005  218.487874231452 
0.231260985834177  218.64896830122 
0.23755031474174  218.811075547897 
0.243879449793388  218.974208796634 
0.250248898078868  219.138381117653 
0.256659176439787  219.30360583253 
0.263110811721276  219.46989652068 
0.269604341031824  219.637267026058 
0.27614031201161  219.805731464071 
0.282719283109652  219.975304228724 
0.289341823870145  220.146 
0.296008515228335  220.317833751486 
0.302719949816321  220.490820758256 
0.309476732279201  220.664976605016 
0.316279479601954  220.840317194534 
0.323128821447529  221.016858756353 
0.330025400506589  221.194617855803 
0.3369698728594  221.373611403331 
0.343962908350371  221.553856664155 
0.351005190975783  221.735371268257 
0.358097419285275  221.918173220731 
0.365240306797655  222.1022809125 
0.372434582431683  222.287713131423 
0.37968099095245  222.474489073795 
0.386980293434061  222.662628356275 
0.39433326773932  222.852151028253 
0.401740709017182  223.043077584666 
0.409203430218771  223.235428979304 
0.416722262632799  223.429226638605 
0.424298056441256  223.624492475982 
0.431931681296328  223.821248906693 
0.439624026919483  224.019518863278 
0.447376003723801  224.219325811606 
0.455188543460595  224.420693767535 
0.463062599891501  224.623647314241 
0.470999149487237  224.828211620224 
0.478999192154313  225.034412458042 
0.487063751991044  225.242276223796 
0.495193878074294  225.451829957407 
0.503390645278472  225.663101363729 
0.511655155128366  225.876118834525 
0.51998853668751  226.090911471373 
0.52839194748389  226.307509109517 
0.536866574474862  226.525942342746 
0.54541363505332  226.74624254932 
0.554034378097228  226.96844191903 
0.562730085064781  227.192573481416 
0.571502071137618  227.418671135244 
0.580351686414601  227.646769679267 
0.589280317158902  227.876904844374 
0.598289387101268  228.109113327176 
0.60738035880252  228.343432825133 
0.616554735078561  228.579902073274 
0.625814060491358  228.818560882634 
0.635159922909596  229.059450180475 
0.644593955142955  229.302612052415 
0.65411783665421  229.548089786551 
0.663733295353652  229.795927919714 
0.673442109480613  230.046172285964 
0.683246109577234  230.298870067467 
0.693147180559945  230.55406984788 
0.703147263894529  230.811821668421 
0.713248359881032  231.072177086758 
0.723452530055274  231.335189238909 
0.733761899714136  231.600912904332 
0.744178660572391  231.869404574403 
0.754705073559379  232.140722524502 
0.765343471764434  232.414926889931 
0.776096263540696  232.692079745912 
0.7869659357776  232.972245191939 
0.797955057353195  233.255489440761 
0.809066282778266  233.541880912305 
0.820302356045192  233.831490332885 
0.831666114695507  234.124390840041 
0.843160494121242  234.420658093407 
0.854788532116361  234.720370392024 
0.866553373695948  235.02360879855 
0.878458276202266  235.330457270878 
0.890506614718441  235.641002801663 
0.902701887812259  235.955335566377 
0.915047723634558  236.273549080487 
0.927547886398789  236.595740366474 
0.940206283270713  236.922010131405 
0.953026971699775  237.252462955908 
0.966014167226586  237.587207495404 
0.979172251804097  237.926356694586 
0.992505782673562  238.2700280162 
1.00601950184028  238.618343685276 
1.01971834619845  238.9714309501 
1.03360745835911  239.329422361305 
1.04769219824085  239.692456070615 
1.06197815548833  240.060676150939 
1.0764711627909  240.434232939654 
1.09117731018059  240.813283407136 
1.10610296039727  241.197991552797 
1.12125476541787  241.588528831125 
1.13663968425735  241.985074610502 
1.15226500216043  242.387816667873 
1.16813835131672  242.796951722675 
1.1842677332466  243.212686013833 
1.20066154302228  243.635235924059 
1.21732859550749  244.064828656177 
1.23427815382127  244.501702966778 
1.25151996025577  244.946109963121 
1.26906426990668  245.398313969963 
1.28692188730669  245.858593473781 
1.30510420638988  246.327242152851 
1.32362325415712  246.804570002728 
1.3424917384615  247.29090456791 
1.36172310038939  247.786592291956 
1.38133157177776  248.292 
1.40133223848443  248.807516529532 
1.42174111011564  249.333554527629 
1.44257519701848  249.870552435431 
1.46385259546577  250.418976683777 
1.48559258210217  250.979324127551 
1.50781571888688  251.55212475058 
1.53054396996444  252.137944677969 
1.5538008321287  252.737389538811 
1.57761148082242  253.351108229319 
1.60200293394658  253.979797135005 
1.627004236152  254.624204880794 
1.65264666676534  255.285137690306 
1.67896397508271  255.963465450544 
1.70599264747063  256.660128596409 
1.73377221157771  257.376145951752 
1.76234558402176  258.11262369099 
1.79175946922806  258.870765619156 
1.82206481872338  259.651885010185 
1.85331736222749  260.457418295779 
1.88557822444571  261.288940963216 
1.9189146447133  262.148186104161 
1.95340082078447  263.0370661633 
1.98911890338655  263.95769857294 
2.0261601750669  264.91243613775 
2.06462645589469  265.90390326668 
2.1046317905084  266.935039456552 
2.14630448690896  268.009151841891 
2.1897895988487  269.129979178412 
2.23525197292546  270.301770381779 
2.28288002191471  271.529381785109 
2.33289044248938  272.818398738054 
2.3855341759748  274.175289245057 
2.44110402712961  275.607600339186 
2.49994452715254  277.124212300808 
2.56246488413387  278.735672455053 
2.62915625863255  280.454640449245 
2.70061522261469  282.296492906281 
2.77757626375082  284.28016122182 
2.86095787268987  286.429319462266 
2.9519296508956  288.774114067055 
3.05201310945258  291.353761934576 
3.16323874456281  294.220599037956 
3.28840188751681  297.446674949689 
3.43150273115748  301.13509450933 
3.59855681582065  305.440908072085 
3.7992275112828  310.613188677557 
4.05054193956371  317.090809838331 
4.38701417618492  325.763370720965 
4.89783979995091  338.929884448834 
