227.677
224.257
221.065
250.731
218.833
248.292
237.28
213.081
269.624
214.322
203.002
204.546
246.091
228.389
202.929
247.562
227.583
222.865
254.489
245.237
247.243
236.482
242.146
257.443
228.118
262.994
246.04
256.905
208.948
224.802
231.995
239.038
227.397
233.33
245.338
239.481
229.316
253.06
233.111
227.364
201.762
251.469
227.436
229.826
213.623
296.538
226.73
227.033
253.461
277.37
204.428
229.34
231.109
239.822
253.826
279.086
229.168
280.078
231.255
200.615
248.407
228.479
251.363
248.703
359.058
287.088
251.682
197.849
240.366
230.769
204.18
204.558
278.995
220.146
247.609
252.419
224.669
229.186
238.678
199.553
196.102
246.892
230.02
227.038
226.077
233.814
211.38
208.888
227.14
255.225
224.594
221.446
293.517
228.801
229.845
197.232
224.234
233.467
256.7
195.153
201.052
202.525
228.608
320.418
525.973
301.259
198.962
247.764
214.995
203.501
220.498
215.76
720.553
218.98
205.086
199.663
194.92
233.4
233.958
242.751
230.909
228.026
218.15
229.373
240.953
286.924
310.725
206.355
251.663
331.396
204.509
214.93
229.09
202.989
215.645
204.128
232.302
223.215
207.999
224.883
242.122
238.477
264.955
267.54
278.727
258.313
222.892
232.692
234.14
285.257
268.778
237.309
235.398
228.877
239.259
262.028
219.147
274.618
201.594
186.753
247.522
233.9
205.884
253.098
220.171
232.722
232.223
229.347
224.664
278.597
232.323
208.607
228.803
223.673
232.552
232.144
244.83
264.672
247.219
286
203.707
209.459
246.439
209.42
758.913
270.141
246.609
199.164
216.024
222.81
226.352
225.003
227.559
228.435
250.091
242.587
268.119
228.487
199.802
208.438