0.00985229644301159  -17.3315890862535 
0.0298529631496812  -11.0445967178429 
0.0502618347808883  -5.2983174192273 
0.0710959216837302  0.288509192640431 
0.0923733201310152  5.82886383647473 
0.114113306767421  11.3766685863066 
0.136336443552131  16.9640929640234 
0.159064694629687  22.6132875182391 
0.182321556793955  28.3411826968359 
0.206132205487673  34.1617992969151 
0.230523658611832  40.0874986283241 
0.25552496081725  46.129724891534 
0.281167391430587  52.2994834136827 
0.307484699747961  58.6076734219291 
0.33451337213588  65.0653380327395 
0.362292936242956  71.6838670004766 
0.390866308687012  78.4751738202286 
0.420280193893305  85.4518613149493 
0.450585543388634  92.6273857786547 
0.481838086892738  100.016227603368 
0.51409894911096  107.634075337283 
0.547435369378552  115.49802992584 
0.581921545449721  123.626836296983 
0.6176396280518  132.041150407806 
0.654680899732149  140.763851397897 
0.693147180559945  149.820410694279 
0.733152515173645  159.239332963093 
0.774825211574212  169.052687983476 
0.818310323513951  179.29675824869 
0.863772697590709  190.012835001786 
0.911400746579963  201.248206420656 
0.961411167154625  213.057397192521 
1.01405490064005  225.50374093346 
1.06962475179486  238.661399220074 
1.12846525181779  252.617988858207 
1.19098560879912  267.47805134649 
1.2576769832978  283.367710311742 
1.32913594727994  300.441039977082 
1.40609698841607  318.888956914143 
1.48947859735512  338.951934559172 
1.58045037556085  360.938691807426 
1.68053383411783  385.254561481005 
1.79175946922806  412.446227295884 
1.91692261218206  443.275594216553 
2.06002345582273  478.848865914456 
2.2270775404859  520.858802040248 
2.42774823594805  572.083953323558 
2.67906266422896  637.558324594414 
3.01553490085017  727.883639836712 
3.52636052461616  872.128108265254 
