0.00985229644301159  -23.0864944441458 
0.0298529631496812  -21.1125664862629 
0.0502618347808883  -18.4293236610617 
0.0710959216837302  -15.4110005296931 
0.0923733201310152  -12.1631034666375 
0.114113306767421  -8.73159267004566 
0.136336443552131  -5.14014490958541 
0.159064694629687  -1.40183883388074 
0.182321556793955  2.47610004277106 
0.206132205487673  6.49004919297173 
0.230523658611832  10.6388065712488 
0.25552496081725  14.9229243545436 
0.281167391430587  19.3443165863173 
0.307484699747961  23.9060235870454 
0.33451337213588  28.6120722862337 
0.362292936242956  33.4673991230729 
0.390866308687012  38.4778165496005 
0.420280193893305  43.6500121766063 
0.450585543388634  48.991574333714 
0.481838086892738  54.5110408003106 
0.51409894911096  60.2179695026429 
0.547435369378552  66.1230315090465 
0.581921545449721  72.2381279567766 
0.6176396280518  78.5765337883021 
0.654680899732149  85.1530724997517 
0.693147180559945  91.9843276361396 
0.733152515173645  99.0888986446914 
0.774825211574212  106.487711088312 
0.818310323513951  114.204394351096 
0.863772697590709  122.265744150837 
0.911400746579963  130.702292861801 
0.961411167154625  139.549018510659 
1.01405490064005  148.846234340997 
1.06962475179486  158.640716583818 
1.12846525181779  168.987150928712 
1.19098560879912  179.950012014372 
1.2576769832978  191.606041363641 
1.32913594727994  204.047568213516 
1.40609698841607  217.387043085857 
1.48947859735512  231.763358801683 
1.58045037556085  247.350879587278 
1.68053383411783  264.372705763779 
1.79175946922806  283.12081402556 
1.91692261218206  303.987861374258 
2.06002345582273  327.51985277975 
2.2270775404859  354.508640737697 
2.42774823594805  386.166957858065 
2.67906266422896  424.493549791316 
3.01553490085017  473.142118745125 
3.52636052461616  539.885105907395 
