0.072242 0.00980392156862745 
1.24556 0.0294117647058824 
1.40687 0.0490196078431373 
1.92615 0.0686274509803922 
1.99947 0.0882352941176471 
2.00664 0.107843137254902 
2.1702 0.127450980392157 
2.18304 0.147058823529412 
2.82326 0.166666666666667 
3.48862 0.186274509803922 
4.59898 0.205882352941176 
5.95505 0.225490196078431 
6.67564 0.245098039215686 
7.38113 0.264705882352941 
7.62406 0.284313725490196 
8.37239 0.303921568627451 
9.51784 0.323529411764706 
10.1264 0.343137254901961 
10.2727 0.362745098039216 
10.4083 0.382352941176471 
10.8835 0.401960784313726 
11.1577 0.42156862745098 
12.2287 0.441176470588235 
12.4704 0.46078431372549 
13.0898 0.480392156862745 
15.482 0.5 
15.6492 0.519607843137255 
16.8973 0.53921568627451 
16.9073 0.558823529411765 
16.9497 0.57843137254902 
18.9945 0.598039215686274 
19.0398 0.617647058823529 
20.1952 0.637254901960784 
20.9554 0.656862745098039 
21.0933 0.676470588235294 
21.1571 0.696078431372549 
22.9689 0.715686274509804 
29.5619 0.735294117647059 
34.4387 0.754901960784314 
39.4128 0.774509803921569 
40.5157 0.794117647058823 
41.0078 0.813725490196078 
44.4746 0.833333333333333 
45.1232 0.852941176470588 
47.1693 0.872549019607843 
51.6942 0.892156862745098 
63.3064 0.911764705882353 
75.281 0.931372549019608 
75.71 0.950980392156863 
108.749 0.970588235294118 
