0.00985229644301159  0.323503808358519 
0.0298529631496812  1.07483419976801 
0.0502618347808883  1.7615463860703 
0.0710959216837302  2.4292030936118 
0.0923733201310152  3.09130614371487 
0.114113306767421  3.75429952272677 
0.136336443552131  4.42202766659633 
0.159064694629687  5.09713768850339 
0.182321556793955  5.78165287069306 
0.206132205487673  6.47724877603494 
0.230523658611832  7.18540264948525 
0.25552496081725  7.9074821363528 
0.281167391430587  8.64480243415363 
0.307484699747961  9.39866606086889 
0.33451337213588  10.1703927300485 
0.362292936242956  10.96134358039 
0.390866308687012  11.7729423405069 
0.420280193893305  12.6066951175085 
0.450585543388634  13.4642100130208 
0.481838086892738  14.3472175140507 
0.51409894911096  15.2575924889558 
0.547435369378552  16.1973785953832 
0.581921545449721  17.1688159559897 
0.6176396280518  18.1743730719951 
0.654680899732149  19.2167841272339 
0.693147180559945  20.2990930982395 
0.733152515173645  21.424706450411 
0.774825211574212  22.5974566998866 
0.818310323513951  23.8216798054628 
0.863772697590709  25.1023102992633 
0.911400746579963  26.444999380323 
0.961411167154625  27.8562630506013 
1.01405490064005  29.3436700278203 
1.06962475179486  30.9160830309259 
1.12846525181779  32.5839727532433 
1.19098560879912  34.3598324825774 
1.2576769832978  36.2587346905252 
1.32913594727994  38.2990920996699 
1.40609698841607  40.5037202971932 
1.48947859735512  42.9013571899337 
1.58045037556085  45.5288963948735 
1.68053383411783  48.4347774280855 
1.79175946922806  51.6843320199473 
1.91692261218206  55.3686120314512 
2.06002345582273  59.619814925031 
2.2270775404859  64.640234849679 
2.42774823594805  70.7619239990218 
2.67906266422896  78.5864738173729 
3.01553490085017  89.3808490095823 
3.52636052461616  106.618861491927 
